1.250000e-01 1.000000e+00
3.750000e-01 2.400000e+01
6.250000e-01 1.050000e+02
8.750000e-01 6.200000e+01
1.125000e+00 1.200000e+01
1.375000e+00 1.000000e+00
1.625000e+00 1.600000e+01
1.875000e+00 2.240000e+02
2.125000e+00 1.100000e+02
2.375000e+00 9.600000e+01
2.625000e+00 3.070000e+02
2.875000e+00 3.500000e+02
3.125000e+00 3.520000e+02
3.375000e+00 3.430000e+02
3.625000e+00 2.300000e+02
3.875000e+00 2.190000e+02
4.125000e+00 4.870000e+02
4.375000e+00 3.950000e+02
4.625000e+00 3.000000e+01
4.875000e+00 1.000000e+01
5.125000e+00 0.000000e+00
5.375000e+00 0.000000e+00
5.625000e+00 0.000000e+00
5.875000e+00 0.000000e+00
