1.250000e-01 9.000000e+00
3.750000e-01 2.900000e+01
6.250000e-01 3.000000e+01
8.750000e-01 1.500000e+01
1.125000e+00 8.000000e+00
1.375000e+00 4.400000e+01
1.625000e+00 7.100000e+01
1.875000e+00 1.180000e+02
2.125000e+00 2.130000e+02
2.375000e+00 1.700000e+02
2.625000e+00 3.620000e+02
2.875000e+00 3.760000e+02
3.125000e+00 1.980000e+02
3.375000e+00 5.200000e+01
3.625000e+00 1.000000e+00
3.875000e+00 1.000000e+00
4.125000e+00 1.000000e+00
4.375000e+00 1.200000e+01
4.625000e+00 3.000000e+00
4.875000e+00 1.000000e+00
5.125000e+00 0.000000e+00
5.375000e+00 0.000000e+00
5.625000e+00 0.000000e+00
5.875000e+00 0.000000e+00
