1.250000e-01 3.000000e+00
3.750000e-01 3.900000e+01
6.250000e-01 1.550000e+02
8.750000e-01 6.000000e+01
1.125000e+00 1.500000e+01
1.375000e+00 2.240000e+02
1.625000e+00 2.310000e+02
1.875000e+00 3.300000e+02
2.125000e+00 9.490000e+02
2.375000e+00 1.589000e+03
2.625000e+00 3.455000e+03
2.875000e+00 2.256000e+03
3.125000e+00 2.368000e+03
3.375000e+00 2.134000e+03
3.625000e+00 3.220000e+02
3.875000e+00 2.400000e+02
4.125000e+00 3.280000e+02
4.375000e+00 7.600000e+01
4.625000e+00 0.000000e+00
4.875000e+00 0.000000e+00
5.125000e+00 0.000000e+00
5.375000e+00 0.000000e+00
5.625000e+00 0.000000e+00
5.875000e+00 0.000000e+00
