1.250000e-01 1.000000e+00
3.750000e-01 1.500000e+01
6.250000e-01 1.400000e+01
8.750000e-01 4.000000e+00
1.125000e+00 1.000000e+00
1.375000e+00 0.000000e+00
1.625000e+00 0.000000e+00
1.875000e+00 3.200000e+01
2.125000e+00 4.100000e+01
2.375000e+00 4.600000e+01
2.625000e+00 1.000000e+01
2.875000e+00 3.400000e+01
3.125000e+00 1.460000e+02
3.375000e+00 2.430000e+02
3.625000e+00 2.900000e+02
3.875000e+00 2.750000e+02
4.125000e+00 6.840000e+02
4.375000e+00 4.920000e+02
4.625000e+00 6.900000e+01
4.875000e+00 3.200000e+01
5.125000e+00 2.200000e+01
5.375000e+00 9.000000e+00
5.625000e+00 0.000000e+00
5.875000e+00 0.000000e+00
