2.007014028059999955e+00 5.199249588833282587e+00
2.007014028059999955e+00 5.199249588833282587e+00
2.035070140280000217e+00 4.782432768927235678e+00
2.042084168340000172e+00 4.685648284816930520e+00
2.049098196390000126e+00 4.565099867837483671e+00
2.063126252510000036e+00 4.525683007206035668e+00
2.154308617229999889e+00 3.899037817933029171e+00
2.161322645289999844e+00 3.935648982995236800e+00
2.182364729460000152e+00 3.728104355722404062e+00
2.210420841679999970e+00 3.780244021310766200e+00
2.217434869739999925e+00 3.829488094895852957e+00
2.224448897799999880e+00 3.631480139767560900e+00
2.224448897799999880e+00 3.631480139767560900e+00
2.231462925849999834e+00 3.498833254279115401e+00
2.259519038080000097e+00 3.382418612530083468e+00
2.259519038080000097e+00 3.382418612530083468e+00
2.273547094190000006e+00 3.514709689744457854e+00
2.280561122239999960e+00 3.400841675182320056e+00
2.280561122239999960e+00 3.400841675182320056e+00
2.287575150299999915e+00 3.386110283147163891e+00
2.308617234469999779e+00 3.992649671012708623e+00
2.308617234469999779e+00 3.992649671012708623e+00
2.322645290580000133e+00 4.057571506650599069e+00
2.329659318640000087e+00 3.943201597683705817e+00
2.329659318640000087e+00 3.943201597683705817e+00
2.343687374749999996e+00 3.957115702347075104e+00
2.378757515030000214e+00 3.729573197117431071e+00
2.399799599200000078e+00 3.762688875011352962e+00
2.406813627250000032e+00 3.740169249154781994e+00
2.441883767539999806e+00 3.793992485821238159e+00
2.448897795590000204e+00 3.696047689686486226e+00
2.455911823650000159e+00 3.682119735669794114e+00
2.469939879760000068e+00 3.688271283223364172e+00
2.497995991979999886e+00 3.570243781955933393e+00
2.505010020039999841e+00 3.510017734531261535e+00
2.547094188380000013e+00 3.398384044758599121e+00
2.561122244489999922e+00 3.393080920490462393e+00
2.561122244489999922e+00 3.393080920490462393e+00
2.582164328659999786e+00 3.362749254699543666e+00
2.603206412830000094e+00 3.384892073541992286e+00
2.603206412830000094e+00 3.384892073541992286e+00
2.624248496989999957e+00 3.419097695321640540e+00
2.631262525049999912e+00 3.427584185932357475e+00
2.666332665330000129e+00 3.409512838847005511e+00
2.687374749499999993e+00 3.434622539955212606e+00
2.687374749499999993e+00 3.434622539955212606e+00
2.701402805609999902e+00 3.347872746666402666e+00
2.701402805609999902e+00 3.347872746666402666e+00
2.722444889780000210e+00 3.342036646820946366e+00
2.722444889780000210e+00 3.342036646820946366e+00
2.736472945890000119e+00 3.354124340458988218e+00
2.743486973950000074e+00 3.287544966062431850e+00
2.757515030059999983e+00 3.325659425265560021e+00
2.771543086169999892e+00 3.298630127302412340e+00
2.778557114229999847e+00 3.288704231709604908e+00
2.799599198400000155e+00 3.334421087991943367e+00
2.806613226450000109e+00 3.335576827915006870e+00
2.820641282570000019e+00 3.335199806274631751e+00
2.827655310619999973e+00 3.354244657766854765e+00
2.834669338679999928e+00 3.273852982061145500e+00
2.890781563130000009e+00 3.423913865378338528e+00
2.918837675349999827e+00 3.249201619066628854e+00
2.925851703409999782e+00 3.242151203105027690e+00
2.932865731460000180e+00 3.224916576464778029e+00
3.003006012020000171e+00 3.142857930375262399e+00
3.010020040080000125e+00 3.179733804163385358e+00
3.017034068140000080e+00 3.189100513687388894e+00
3.017034068140000080e+00 3.189100513687388894e+00
3.031062124249999989e+00 3.143123618911161543e+00
3.038076152299999944e+00 3.170553311376339334e+00
3.080160320640000116e+00 3.054972057738126967e+00
3.101202404809999980e+00 2.992256611412952960e+00
3.115230460919999889e+00 3.020497478776031919e+00
3.192384769539999834e+00 3.010381096552319669e+00
3.220440881760000096e+00 2.992164812969106524e+00
3.227454909820000051e+00 2.983097152183520340e+00
3.241482965929999960e+00 3.032095055647296089e+00
3.248496993989999915e+00 3.054411277528864765e+00
3.248496993989999915e+00 3.054411277528864765e+00
3.248496993989999915e+00 3.054411277528864765e+00
3.262525050099999824e+00 2.958498985027398831e+00
3.262525050099999824e+00 2.958498985027398831e+00
3.269539078159999779e+00 3.000686469031080161e+00
3.276553106210000177e+00 3.107600889032738678e+00
3.276553106210000177e+00 3.107600889032738678e+00
3.283567134270000132e+00 3.027806352083206143e+00
3.290581162320000086e+00 3.024702271222734939e+00
3.339679358720000213e+00 2.867787472090776113e+00
3.339679358720000213e+00 2.867787472090776113e+00
3.339679358720000213e+00 2.867787472090776113e+00
3.346693386770000167e+00 2.901127661650054090e+00
3.402805611219999804e+00 2.884030373443549067e+00
3.402805611219999804e+00 2.884030373443549067e+00
3.409819639280000203e+00 2.871290413400092056e+00
3.430861723450000067e+00 2.905973630907835670e+00
3.430861723450000067e+00 2.905973630907835670e+00
3.451903807619999931e+00 2.814883778808442649e+00
3.472945891779999794e+00 2.814617133392400827e+00
3.501002004010000057e+00 3.501728113016043142e+00
3.508016032060000011e+00 3.545158243334897818e+00
3.522044088179999921e+00 3.601818415541373941e+00
3.522044088179999921e+00 3.601818415541373941e+00
3.543086172339999784e+00 3.496033947023831079e+00
3.557114228460000138e+00 3.591986388093999949e+00
3.585170340679999956e+00 3.745039183675361816e+00
3.655310621239999946e+00 3.513694585342005183e+00
3.669338677349999855e+00 3.534940416273764097e+00
3.676352705409999810e+00 3.619781097284065829e+00
3.697394789580000118e+00 3.689281812093411439e+00
3.704408817640000073e+00 3.730806780514074994e+00
3.704408817640000073e+00 3.730806780514074994e+00
3.732464929859999891e+00 3.759025489127679531e+00
3.753507014030000200e+00 3.722564905359192711e+00
3.788577154309999973e+00 3.785635763591528313e+00
3.837675350700000099e+00 3.935453858593258136e+00
3.844689378760000054e+00 4.128843941993301847e+00
3.851703406810000008e+00 3.985342381771380893e+00
3.872745490979999872e+00 3.949115763937003809e+00
3.872745490979999872e+00 3.949115763937003809e+00
3.879759519039999827e+00 4.042959091471858279e+00
3.886773547089999781e+00 4.022027787931986786e+00
3.900801603210000135e+00 4.021909441463640711e+00
3.928857715429999953e+00 4.056561984432072165e+00
3.963927855710000170e+00 4.030742622087609028e+00
3.970941883770000125e+00 4.057572710402709504e+00
3.970941883770000125e+00 4.057572710402709504e+00
3.977955911820000079e+00 4.015890716857927423e+00
4.006012024050000342e+00 3.939568863514270713e+00
4.048096192380000069e+00 3.925399489910253337e+00
4.062124248499999979e+00 3.976744460713947049e+00
4.069138276550000377e+00 3.953717380059624809e+00
4.076152304609999888e+00 4.059118773894983434e+00
4.083166332670000287e+00 3.983875172118005903e+00
4.097194388780000196e+00 3.889561211517622574e+00
4.111222444890000105e+00 3.819897332808055435e+00
4.118236472949999616e+00 3.887482244015711519e+00
4.125250501000000014e+00 4.042268834438830005e+00
4.132264529060000413e+00 3.947106043220418137e+00
4.181362725449999651e+00 4.184318870319384764e+00
4.209418837680000358e+00 4.012590010624704107e+00
4.209418837680000358e+00 4.012590010624704107e+00
4.230460921839999777e+00 4.219310388228844744e+00
4.230460921839999777e+00 4.219310388228844744e+00
4.258517034069999596e+00 4.057716237687845506e+00
4.265531062119999994e+00 3.989883346338287673e+00
4.279559118239999904e+00 3.891674743286688720e+00
4.286573146290000302e+00 3.917232815159062298e+00
4.286573146290000302e+00 3.917232815159062298e+00
4.286573146290000302e+00 3.917232815159062298e+00
4.293587174349999813e+00 3.945073027446485803e+00
4.321643286569999631e+00 3.943980625019312569e+00
4.342685370739999939e+00 3.947186426016643157e+00
4.363727454910000247e+00 4.046328024242859200e+00
4.384769539079999667e+00 4.032776925324359496e+00
4.391783567130000066e+00 3.979135754252819179e+00
4.391783567130000066e+00 3.979135754252819179e+00
4.412825651300000374e+00 3.980734141640571710e+00
4.433867735469999793e+00 4.346755388185453484e+00
4.447895791579999702e+00 4.136437342587844235e+00
4.461923847699999612e+00 3.961552150182296117e+00
4.489979959920000319e+00 3.790193420212472297e+00
4.489979959920000319e+00 3.790193420212472297e+00
4.511022044089999739e+00 3.642202761628476892e+00
4.511022044089999739e+00 3.642202761628476892e+00
4.546092184369999956e+00 3.501355926941117414e+00
4.560120240479999865e+00 3.672103686903125386e+00
4.560120240479999865e+00 3.672103686903125386e+00
4.567134268540000264e+00 3.732887489750118526e+00
4.567134268540000264e+00 3.732887489750118526e+00
4.574148296589999774e+00 3.791234437481712405e+00
4.595190380760000082e+00 3.736629774380124669e+00
4.595190380760000082e+00 3.736629774380124669e+00
4.602204408819999593e+00 3.754757159236373987e+00
4.630260521040000299e+00 3.489134551375414173e+00
4.644288577150000208e+00 4.756049899507097223e+00
4.672344689380000027e+00 4.883992747969217341e+00
4.672344689380000027e+00 4.883992747969217341e+00
4.693386773550000335e+00 4.889266344089929994e+00
4.707414829660000244e+00 4.932985591305013351e+00
4.707414829660000244e+00 4.932985591305013351e+00
4.707414829660000244e+00 4.932985591305013351e+00
4.714428857719999755e+00 4.918298523825588298e+00
4.728456913829999664e+00 4.759885840915864641e+00
4.735470941880000062e+00 4.901992842737572964e+00
4.735470941880000062e+00 4.901992842737572964e+00
4.749498997999999972e+00 5.012050090971213123e+00
4.763527054109999881e+00 4.952743852804391445e+00
4.819639278560000406e+00 4.963774358764375449e+00
4.833667334670000315e+00 4.832373482691793676e+00
4.833667334670000315e+00 4.832373482691793676e+00
4.861723446890000133e+00 4.778046428582796601e+00
4.868737474949999644e+00 4.764412198064129633e+00
4.896793587170000350e+00 4.840156742903644727e+00
4.910821643290000260e+00 4.789647252527132970e+00
4.924849699400000169e+00 4.875253591781167906e+00
4.952905811619999987e+00 5.501765959255594751e+00
4.959919839680000386e+00 5.543284159112561227e+00
4.973947895790000295e+00 5.053690961151655614e+00
5.016032064130000023e+00 5.651762463700797490e+00
5.023046092180000421e+00 5.503515153075788646e+00
5.051102204410000240e+00 5.834971413484479008e+00
5.051102204410000240e+00 5.834971413484479008e+00
5.065130260520000149e+00 5.459205343890668694e+00
5.072144288579999660e+00 5.301414362245528089e+00
5.093186372749999968e+00 5.348511323619963065e+00
5.093186372749999968e+00 5.348511323619963065e+00
5.100200400800000367e+00 5.332306863724873836e+00
5.156312625250000004e+00 5.524907788913010265e+00
5.170340681359999913e+00 5.278643232162070653e+00
5.184368737469999822e+00 5.575377835323747533e+00
5.198396793589999731e+00 5.378883960459294400e+00
5.205410821640000130e+00 5.253736680431532413e+00
5.226452905810000438e+00 5.766919563162802298e+00
5.240480961920000347e+00 5.603011139188261325e+00
5.240480961920000347e+00 5.603011139188261325e+00
5.261523046089999767e+00 5.677964983599495419e+00
5.275551102199999676e+00 5.399597767360923228e+00
5.282565130260000075e+00 5.119644990810780172e+00
5.289579158319999586e+00 5.209911803055013557e+00
5.289579158319999586e+00 5.209911803055013557e+00
5.317635270540000292e+00 5.162337549962326300e+00
5.324649298599999803e+00 5.285345123084449703e+00
5.331663326650000201e+00 5.300482025522017082e+00
5.345691382770000111e+00 6.052987840060085389e+00
5.359719438880000020e+00 5.449928322011479587e+00
5.359719438880000020e+00 5.449928322011479587e+00
5.387775551099999838e+00 5.643981766638343167e+00
5.394789579160000237e+00 5.482602896481605370e+00
5.394789579160000237e+00 5.482602896481605370e+00
5.401803607209999747e+00 5.389092378839426267e+00
5.415831663329999657e+00 5.369201590308469996e+00
5.415831663329999657e+00 5.369201590308469996e+00
5.415831663329999657e+00 5.369201590308469996e+00
5.422845691380000055e+00 5.400739681832411598e+00
5.436873747489999964e+00 5.138595697429084730e+00
5.443887775550000363e+00 5.087063279437018970e+00
5.450901803609999874e+00 5.343878037294978789e+00
5.457915831660000272e+00 5.739992398901611281e+00
5.485971943890000091e+00 5.996556033728815294e+00
5.492985971939999601e+00 5.677565142921233488e+00
