2.000000000000000000e+00 2.946336029408749280e+00
2.056112224450000081e+00 2.303822529196794644e+00
2.063126252510000036e+00 2.241141306115358667e+00
2.070140280559999990e+00 2.125367509505956320e+00
2.098196392789999809e+00 1.962822579236067622e+00
2.105210420840000207e+00 2.216132895097283395e+00
2.105210420840000207e+00 2.216132895097283395e+00
2.112224448900000162e+00 2.053012750876039405e+00
2.112224448900000162e+00 2.053012750876039405e+00
2.119238476950000116e+00 1.897742868454316723e+00
2.119238476950000116e+00 1.897742868454316723e+00
2.119238476950000116e+00 1.897742868454316723e+00
2.119238476950000116e+00 1.897742868454316723e+00
2.126252505010000071e+00 1.925417140606044963e+00
2.147294589179999935e+00 1.695295269125187687e+00
2.154308617229999889e+00 1.849292121800140576e+00
2.175350701400000197e+00 1.562593015166317878e+00
2.182364729460000152e+00 1.585398915198915626e+00
2.182364729460000152e+00 1.585398915198915626e+00
2.182364729460000152e+00 1.585398915198915626e+00
2.203406813630000016e+00 1.706488631360940422e+00
2.217434869739999925e+00 2.073294930704756123e+00
2.231462925849999834e+00 1.505982336890470119e+00
2.259519038080000097e+00 1.390028850029772389e+00
2.308617234469999779e+00 1.728612246694344323e+00
2.308617234469999779e+00 1.728612246694344323e+00
2.329659318640000087e+00 1.612140913256157049e+00
2.329659318640000087e+00 1.612140913256157049e+00
2.343687374749999996e+00 1.599977345982404486e+00
2.350701402809999951e+00 1.499179852939090063e+00
2.357715430859999906e+00 1.568461610532319916e+00
2.364729458919999860e+00 1.510721440344249045e+00
2.378757515030000214e+00 1.382250911484739886e+00
2.385771543090000169e+00 1.434933948737467269e+00
2.413827655309999987e+00 1.438427761410062011e+00
2.420841683369999942e+00 1.535269206422508415e+00
2.434869739479999851e+00 1.524019433811750091e+00
2.469939879760000068e+00 1.382939531363188257e+00
2.505010020039999841e+00 1.207203692051270538e+00
2.505010020039999841e+00 1.207203692051270538e+00
2.519038076150000194e+00 1.241816074878736353e+00
2.533066132260000103e+00 1.186016808013146573e+00
2.540080160320000058e+00 1.090018417668639827e+00
2.568136272549999877e+00 1.181557534886032323e+00
2.575150300599999831e+00 1.227778742524322508e+00
2.596192384770000139e+00 1.249328310186378799e+00
2.652304609220000220e+00 1.298923302246968170e+00
2.659318637270000174e+00 1.293709640304821606e+00
2.666332665330000129e+00 1.230386055477546980e+00
2.673346693390000084e+00 1.237919296159530669e+00
2.701402805609999902e+00 1.273887906551034899e+00
2.715430861719999811e+00 1.249701181766459168e+00
2.743486973950000074e+00 1.279444524896674151e+00
2.764529058119999938e+00 1.275590042170180238e+00
2.771543086169999892e+00 1.272671749337890512e+00
2.771543086169999892e+00 1.272671749337890512e+00
2.778557114229999847e+00 1.256077690396555369e+00
2.778557114229999847e+00 1.256077690396555369e+00
2.792585170340000200e+00 1.282172965713166413e+00
2.813627254510000064e+00 1.274530896537009461e+00
2.820641282570000019e+00 1.231467631978506949e+00
2.848697394789999837e+00 1.255795566296987298e+00
2.855711422849999792e+00 1.238122007367315813e+00
2.869739478960000145e+00 1.249911921003640458e+00
2.897795591179999963e+00 1.251450528962301689e+00
2.904809619239999918e+00 1.243611113680037406e+00
2.911823647289999872e+00 1.222815669703186447e+00
2.925851703409999782e+00 1.285774164210847781e+00
2.925851703409999782e+00 1.285774164210847781e+00
2.939879759520000135e+00 1.283445441766819517e+00
2.939879759520000135e+00 1.283445441766819517e+00
2.960921843689999999e+00 1.224619338687258363e+00
2.995991983970000216e+00 1.119948118337732001e+00
3.017034068140000080e+00 1.175991680130864303e+00
3.017034068140000080e+00 1.175991680130864303e+00
3.038076152299999944e+00 1.153931427620833228e+00
3.045090180359999898e+00 1.100593952463281733e+00
3.052104208419999853e+00 1.060447468719337261e+00
3.066132264530000207e+00 9.889268801092558903e-01
3.073146292590000161e+00 1.007092027952473323e+00
3.094188376750000025e+00 1.077034499742583584e+00
3.108216432869999934e+00 1.038197643210236221e+00
3.136272545090000197e+00 9.519348910180698287e-01
3.143286573150000152e+00 1.021585186380974175e+00
3.150300601200000106e+00 1.224534090147236354e+00
3.185370741479999879e+00 1.073527222962564309e+00
3.192384769539999834e+00 1.051653145609946050e+00
3.192384769539999834e+00 1.051653145609946050e+00
3.199398797599999789e+00 1.019140310328545018e+00
3.220440881760000096e+00 1.065890009259867321e+00
3.220440881760000096e+00 1.065890009259867321e+00
3.234468937880000006e+00 1.062676254247312713e+00
3.248496993989999915e+00 1.074682253669223098e+00
3.255511022039999869e+00 1.071733845589539325e+00
3.255511022039999869e+00 1.071733845589539325e+00
3.262525050099999824e+00 1.067790631487458342e+00
3.290581162320000086e+00 1.098046636709333779e+00
3.297595190380000041e+00 1.047771859666765781e+00
3.304609218439999996e+00 1.005347799137888964e+00
3.325651302609999860e+00 1.085738367818172900e+00
3.346693386770000167e+00 1.054273409996074440e+00
3.360721442890000077e+00 1.085183113293040513e+00
3.374749498999999986e+00 1.104146389514106819e+00
3.374749498999999986e+00 1.104146389514106819e+00
3.381763527049999940e+00 1.079744546372381153e+00
3.409819639280000203e+00 1.114598528209157280e+00
3.409819639280000203e+00 1.114598528209157280e+00
3.409819639280000203e+00 1.114598528209157280e+00
3.416833667330000157e+00 1.094455381956888518e+00
3.416833667330000157e+00 1.094455381956888518e+00
3.423847695390000112e+00 1.061232419268387739e+00
3.458917835669999885e+00 1.048127236192446299e+00
3.536072144289999830e+00 1.296068354936865896e+00
3.543086172339999784e+00 1.266340783297492889e+00
3.571142284570000047e+00 1.375956948120163004e+00
3.592184368739999911e+00 1.441495450036974990e+00
3.613226452910000219e+00 1.403212100983569854e+00
3.620240480960000173e+00 1.368295207254952128e+00
3.627254509020000128e+00 1.353197957967962939e+00
3.641282565130000037e+00 1.392248055357006020e+00
3.662324649299999901e+00 1.226427822921434485e+00
3.662324649299999901e+00 1.226427822921434485e+00
3.676352705409999810e+00 1.348783772252949209e+00
3.690380761520000164e+00 1.428299124053315383e+00
3.704408817640000073e+00 1.434240658783677569e+00
3.711422845690000027e+00 1.409054148971311093e+00
3.746492985969999800e+00 1.417696983591482995e+00
3.844689378760000054e+00 1.949108214815882478e+00
3.872745490979999872e+00 1.672307140022499805e+00
3.900801603210000135e+00 1.617590315828723702e+00
3.914829659320000044e+00 1.674811096703223701e+00
3.928857715429999953e+00 1.597488963756522828e+00
3.942885771539999862e+00 1.500350416736702774e+00
3.963927855710000170e+00 1.497333526897097533e+00
3.963927855710000170e+00 1.497333526897097533e+00
3.970941883770000125e+00 1.478419194963004779e+00
3.998997995989999943e+00 1.441832535528690284e+00
4.006012024050000342e+00 1.467064416263638149e+00
4.020040080160000251e+00 1.461664712132271227e+00
4.034068136270000160e+00 1.425098839082313829e+00
4.090180360719999797e+00 1.431001739648997573e+00
4.097194388780000196e+00 1.453422758913264667e+00
4.111222444890000105e+00 1.499130675942046853e+00
4.160320641280000231e+00 1.614798047968856398e+00
4.167334669339999742e+00 1.651823108241333049e+00
4.167334669339999742e+00 1.651823108241333049e+00
4.181362725449999651e+00 2.041187390523804712e+00
4.195390781559999560e+00 1.593901462827860938e+00
4.209418837680000358e+00 1.575666408917381522e+00
4.237474949900000176e+00 1.775429074516061023e+00
4.237474949900000176e+00 1.775429074516061023e+00
4.251503006010000085e+00 1.605216717350467670e+00
4.258517034069999596e+00 1.523294142201509604e+00
4.279559118239999904e+00 1.489746952389750634e+00
4.328657314630000030e+00 1.601625966913186927e+00
4.349699398800000338e+00 1.670890961701068989e+00
4.356713426849999848e+00 1.574828255179773429e+00
4.363727454910000247e+00 1.588042193075510200e+00
4.384769539079999667e+00 1.762192587338326399e+00
4.384769539079999667e+00 1.762192587338326399e+00
4.391783567130000066e+00 1.679401062971650482e+00
4.405811623249999975e+00 1.688004919528387271e+00
4.412825651300000374e+00 1.635382998770470664e+00
4.412825651300000374e+00 1.635382998770470664e+00
4.426853707410000283e+00 1.650113976795067439e+00
4.433867735469999793e+00 1.690694825834457848e+00
4.489979959920000319e+00 1.238881962455273822e+00
4.489979959920000319e+00 1.238881962455273822e+00
4.511022044089999739e+00 1.249773130332364479e+00
4.518036072140000137e+00 1.266434027060633127e+00
4.525050100199999648e+00 1.290242274466262273e+00
4.581162324650000173e+00 1.207309307314982538e+00
4.581162324650000173e+00 1.207309307314982538e+00
4.616232464930000390e+00 1.616479862705505477e+00
4.623246492989999901e+00 1.511927636534993846e+00
4.623246492989999901e+00 1.511927636534993846e+00
4.630260521040000299e+00 1.284674605679194448e+00
4.644288577150000208e+00 1.782811635839714581e+00
4.658316633270000118e+00 1.613993365423081361e+00
4.686372745489999936e+00 1.651386462026450230e+00
4.686372745489999936e+00 1.651386462026450230e+00
4.735470941880000062e+00 1.699729284474523316e+00
4.749498997999999972e+00 1.561392620395629427e+00
4.770541082160000279e+00 1.515976074115892747e+00
4.770541082160000279e+00 1.515976074115892747e+00
4.777555110219999790e+00 1.459943599059362995e+00
4.805611222439999608e+00 1.598656158595614274e+00
4.805611222439999608e+00 1.598656158595614274e+00
4.819639278560000406e+00 1.602428628289455537e+00
4.826653306609999916e+00 1.594033394835649320e+00
4.840681362729999826e+00 1.460426602598279722e+00
4.840681362729999826e+00 1.460426602598279722e+00
4.847695390780000224e+00 1.444699238444997924e+00
4.847695390780000224e+00 1.444699238444997924e+00
4.854709418839999735e+00 1.456653142248270250e+00
4.854709418839999735e+00 1.456653142248270250e+00
4.882765531060000441e+00 1.533450301246498615e+00
4.889779559119999952e+00 1.561311231702553926e+00
4.896793587170000350e+00 1.605254100604438072e+00
4.917835671339999770e+00 1.518089792793094528e+00
4.917835671339999770e+00 1.518089792793094528e+00
4.917835671339999770e+00 1.518089792793094528e+00
4.931863727449999679e+00 1.479439957555172214e+00
4.931863727449999679e+00 1.479439957555172214e+00
4.938877755510000078e+00 1.524918997164812717e+00
4.959919839680000386e+00 2.345633564080416900e+00
4.973947895790000295e+00 1.720896162231149606e+00
4.980961923849999806e+00 2.024005275563222739e+00
4.987975951900000204e+00 2.178824647503991851e+00
4.987975951900000204e+00 2.178824647503991851e+00
5.009018036069999624e+00 1.959144346520628854e+00
5.044088176349999841e+00 1.939169508403993047e+00
5.072144288579999660e+00 1.755305222402455012e+00
5.072144288579999660e+00 1.755305222402455012e+00
5.079158316630000058e+00 1.935785248597633457e+00
5.086172344689999569e+00 1.991621780863031210e+00
5.093186372749999968e+00 1.799528262934296130e+00
5.093186372749999968e+00 1.799528262934296130e+00
5.128256513030000185e+00 1.676603413838546608e+00
5.128256513030000185e+00 1.676603413838546608e+00
5.142284569140000094e+00 2.222516457501622078e+00
5.142284569140000094e+00 2.222516457501622078e+00
5.163326653310000403e+00 1.792223708093493073e+00
5.177354709420000312e+00 1.734724712321702444e+00
5.184368737469999822e+00 2.071065635706581975e+00
5.191382765530000221e+00 2.152042676092101647e+00
5.191382765530000221e+00 2.152042676092101647e+00
5.191382765530000221e+00 2.152042676092101647e+00
5.198396793589999731e+00 1.848073059071540625e+00
5.205410821640000130e+00 1.723948744047570258e+00
5.205410821640000130e+00 1.723948744047570258e+00
5.212424849699999641e+00 1.790953305345146296e+00
5.212424849699999641e+00 1.790953305345146296e+00
5.219438877760000040e+00 1.903988792429419208e+00
5.226452905810000438e+00 2.007082522434520566e+00
5.282565130260000075e+00 1.713671995868264020e+00
5.296593186369999984e+00 1.702101903342780664e+00
5.296593186369999984e+00 1.702101903342780664e+00
5.303607214430000383e+00 1.611516086458443242e+00
5.331663326650000201e+00 1.796027466440420772e+00
5.359719438880000020e+00 1.879934303688854724e+00
5.359719438880000020e+00 1.879934303688854724e+00
5.373747494989999929e+00 2.261123397801453105e+00
5.401803607209999747e+00 2.079306003238669209e+00
5.450901803609999874e+00 2.010252263449562982e+00
5.464929859719999783e+00 2.484737857904276481e+00
5.471943887780000182e+00 2.320781857036530393e+00
5.485971943890000091e+00 2.349784139083929357e+00
