2.007014028059999955e+00 3.086934886880466911e-01
2.042084168340000172e+00 2.426985295159081735e-01
2.042084168340000172e+00 2.426985295159081735e-01
2.049098196390000126e+00 2.327725765748916709e-01
2.056112224450000081e+00 2.152911250384069164e-01
2.105210420840000207e+00 2.054627533692060248e-01
2.112224448900000162e+00 1.895070772084146427e-01
2.133266533070000026e+00 1.594592546392132049e-01
2.140280561119999980e+00 1.634507924384344946e-01
2.140280561119999980e+00 1.634507924384344946e-01
2.154308617229999889e+00 1.664431416435649957e-01
2.168336673349999799e+00 1.346550911579997567e-01
2.175350701400000197e+00 1.233464301634246141e-01
2.189378757520000107e+00 1.226689076665143097e-01
2.196392785570000061e+00 1.250217642353864123e-01
2.217434869739999925e+00 2.121326233315305732e-01
2.245490981960000187e+00 1.583026946102881194e-01
2.252505010020000142e+00 1.405167945158770915e-01
2.266533066130000051e+00 1.314052272767944063e-01
2.280561122239999960e+00 1.592133398164863600e-01
2.301603206409999824e+00 1.245579881872870553e-01
2.301603206409999824e+00 1.245579881872870553e-01
2.308617234469999779e+00 1.192308888073904394e-01
2.343687374749999996e+00 1.067424159470880124e-01
2.350701402809999951e+00 9.464963891184417777e-02
2.350701402809999951e+00 9.464963891184417777e-02
2.357715430859999906e+00 1.026591055430788463e-01
2.427855711419999896e+00 1.078416772746075142e-01
2.455911823650000159e+00 8.428566685366835343e-02
2.455911823650000159e+00 8.428566685366835343e-02
2.462925851700000113e+00 9.243979529083413971e-02
2.462925851700000113e+00 9.243979529083413971e-02
2.469939879760000068e+00 8.913824708228230975e-02
2.469939879760000068e+00 8.913824708228230975e-02
2.476953907820000023e+00 8.060053127540743600e-02
2.497995991979999886e+00 8.121617031707423218e-02
2.519038076150000194e+00 7.839307151069130342e-02
2.533066132260000103e+00 7.703785296668834437e-02
2.561122244489999922e+00 7.904488052415549471e-02
2.582164328659999786e+00 7.886134964704157035e-02
2.589178356710000184e+00 8.162201858082339390e-02
2.596192384770000139e+00 8.175330086654436501e-02
2.610220440880000048e+00 7.726978203535357637e-02
2.624248496989999957e+00 8.852890614408810699e-02
2.631262525049999912e+00 8.882509515139033751e-02
2.638276553109999867e+00 8.655353585405207995e-02
2.645290581159999821e+00 8.565290436442614397e-02
2.652304609220000220e+00 8.834393098866007155e-02
2.666332665330000129e+00 8.259398585370851531e-02
2.687374749499999993e+00 8.632098693403060519e-02
2.694388777559999948e+00 8.562052777023347605e-02
2.736472945890000119e+00 9.539839637952164664e-02
2.743486973950000074e+00 9.030003720749704699e-02
2.764529058119999938e+00 9.038597977529008731e-02
2.771543086169999892e+00 9.103875169538376555e-02
2.778557114229999847e+00 8.940527443223879323e-02
2.785571142279999801e+00 8.804746727895100544e-02
2.806613226450000109e+00 9.234956341267518132e-02
2.806613226450000109e+00 9.234956341267518132e-02
2.855711422849999792e+00 8.953003952154525713e-02
2.855711422849999792e+00 8.953003952154525713e-02
2.883767535070000054e+00 9.313257037410604955e-02
2.918837675349999827e+00 9.165667484336095794e-02
2.953907815630000044e+00 8.792951854870578732e-02
2.960921843689999999e+00 9.169597420081598838e-02
2.974949899799999908e+00 9.196754452950361980e-02
2.988977955909999817e+00 8.888778893061356767e-02
3.038076152299999944e+00 8.860593252878667947e-02
3.038076152299999944e+00 8.860593252878667947e-02
3.045090180359999898e+00 8.389053110171429406e-02
3.052104208419999853e+00 7.881155666952918692e-02
3.087174348700000071e+00 8.685209548187253215e-02
3.087174348700000071e+00 8.685209548187253215e-02
3.129258517029999798e+00 7.218342499135706192e-02
3.136272545090000197e+00 7.053372858230740061e-02
3.136272545090000197e+00 7.053372858230740061e-02
3.143286573150000152e+00 7.653527151338979095e-02
3.171342685369999970e+00 8.509330797022311710e-02
3.220440881760000096e+00 8.453794298227795823e-02
3.220440881760000096e+00 8.453794298227795823e-02
3.227454909820000051e+00 8.489435986475987739e-02
3.227454909820000051e+00 8.489435986475987739e-02
3.234468937880000006e+00 8.438814934632593578e-02
3.262525050099999824e+00 8.618015254081179410e-02
3.269539078159999779e+00 8.941036293134832502e-02
3.283567134270000132e+00 8.964855407470467830e-02
3.290581162320000086e+00 8.994628498643703063e-02
3.318637274549999905e+00 8.955609886157675503e-02
3.332665330659999814e+00 8.653240878728987728e-02
3.353707414830000122e+00 8.905332368489966843e-02
3.360721442890000077e+00 9.184990726550432139e-02
3.367735470940000031e+00 9.428115615285434514e-02
3.381763527049999940e+00 9.083945779228506934e-02
3.395791583169999850e+00 9.103400597515061421e-02
3.402805611219999804e+00 9.538694420121379691e-02
3.409819639280000203e+00 9.464784464466979852e-02
3.416833667330000157e+00 9.135764081668194814e-02
3.423847695390000112e+00 8.940071422833607839e-02
3.423847695390000112e+00 8.940071422833607839e-02
3.437875751500000021e+00 8.666421956655274983e-02
3.458917835669999885e+00 9.022781060308621148e-02
3.465931863729999840e+00 9.277280298346786414e-02
3.479959919840000193e+00 1.001578968685297999e-01
3.522044088179999921e+00 9.154678710126173957e-02
3.529058116229999875e+00 9.330639243219975010e-02
3.536072144289999830e+00 9.175026115073567357e-02
3.550100200400000183e+00 8.521741903753123071e-02
3.550100200400000183e+00 8.521741903753123071e-02
3.564128256510000092e+00 9.606710607925483814e-02
3.571142284570000047e+00 9.926141077425597314e-02
3.578156312630000002e+00 1.024099712190688488e-01
3.592184368739999911e+00 1.156679224457035776e-01
3.620240480960000173e+00 1.021930917563604324e-01
3.627254509020000128e+00 1.010527888465639623e-01
3.634268537070000082e+00 9.688441620358831385e-02
3.634268537070000082e+00 9.688441620358831385e-02
3.641282565130000037e+00 1.019086739903325572e-01
3.641282565130000037e+00 1.019086739903325572e-01
3.648296593189999992e+00 1.271233505615197712e-01
3.655310621239999946e+00 1.155226593498369647e-01
3.697394789580000118e+00 1.094706769439991595e-01
3.711422845690000027e+00 1.075706491839984180e-01
3.711422845690000027e+00 1.075706491839984180e-01
3.718436873749999982e+00 1.048342721017600787e-01
3.718436873749999982e+00 1.048342721017600787e-01
3.725450901799999937e+00 1.053926743740329353e-01
3.732464929859999891e+00 1.090219905154962837e-01
3.774549098200000063e+00 1.069644634308443004e-01
3.781563126250000018e+00 1.103970055005584483e-01
3.795591182359999927e+00 1.110695504629723995e-01
3.809619238479999836e+00 1.133644541094120661e-01
3.830661322650000145e+00 1.359552172905058864e-01
3.830661322650000145e+00 1.359552172905058864e-01
3.830661322650000145e+00 1.359552172905058864e-01
3.844689378760000054e+00 1.810600266147343318e-01
3.844689378760000054e+00 1.810600266147343318e-01
3.886773547089999781e+00 1.343882918773970370e-01
3.935871743489999908e+00 1.292033650664715094e-01
3.935871743489999908e+00 1.292033650664715094e-01
3.956913827660000216e+00 1.227993898435312259e-01
3.956913827660000216e+00 1.227993898435312259e-01
3.970941883770000125e+00 1.189215771817507677e-01
3.970941883770000125e+00 1.189215771817507677e-01
3.984969939880000034e+00 1.184711614096815302e-01
3.984969939880000034e+00 1.184711614096815302e-01
4.027054108219999762e+00 1.182702107839367078e-01
4.048096192380000069e+00 1.164590277061339496e-01
4.069138276550000377e+00 1.173125951359006852e-01
4.076152304609999888e+00 1.244538535692165104e-01
4.090180360719999797e+00 1.159826261924258167e-01
4.097194388780000196e+00 1.169550573411013150e-01
4.097194388780000196e+00 1.169550573411013150e-01
4.097194388780000196e+00 1.169550573411013150e-01
4.132264529060000413e+00 1.530484443848209586e-01
4.139278557109999923e+00 1.301875344161591563e-01
4.160320641280000231e+00 1.375616027816859988e-01
4.174348697390000140e+00 1.479291083648036909e-01
4.202404809619999959e+00 1.404125321069198129e-01
4.209418837680000358e+00 1.337277569645065056e-01
4.244488977959999687e+00 1.379255402529450392e-01
4.251503006010000085e+00 1.369706679593904186e-01
4.258517034069999596e+00 1.270024696019066979e-01
4.272545090180000393e+00 1.308741589162520369e-01
4.293587174349999813e+00 1.186245581738164107e-01
4.293587174349999813e+00 1.186245581738164107e-01
4.349699398800000338e+00 1.517766050841967418e-01
4.377755511020000156e+00 1.455929185339021603e-01
4.377755511020000156e+00 1.455929185339021603e-01
4.391783567130000066e+00 1.529279965848139300e-01
4.419839679359999884e+00 1.354537733227519081e-01
4.419839679359999884e+00 1.354537733227519081e-01
4.426853707410000283e+00 1.415953765807628495e-01
4.447895791579999702e+00 1.399978498065804489e-01
4.454909819640000102e+00 1.308000107614505636e-01
4.454909819640000102e+00 1.308000107614505636e-01
4.461923847699999612e+00 1.236985540180062099e-01
4.461923847699999612e+00 1.236985540180062099e-01
4.475951903810000410e+00 1.293672104923968280e-01
4.482965931859999920e+00 1.095507994002925117e-01
4.504008016030000228e+00 1.074465681928024469e-01
4.518036072140000137e+00 1.035890108004573207e-01
4.518036072140000137e+00 1.035890108004573207e-01
4.560120240479999865e+00 1.119818731223177211e-01
4.560120240479999865e+00 1.119818731223177211e-01
4.567134268540000264e+00 1.092021211375727163e-01
4.609218436869999991e+00 1.093810089285267434e-01
4.665330661319999628e+00 1.270929275127504476e-01
4.714428857719999755e+00 1.318291824663415657e-01
4.714428857719999755e+00 1.318291824663415657e-01
4.721442885770000153e+00 1.228633031380726437e-01
4.721442885770000153e+00 1.228633031380726437e-01
4.735470941880000062e+00 1.312161602561887908e-01
4.749498997999999972e+00 1.160171800621292992e-01
4.756513026050000370e+00 1.196713039325628253e-01
4.763527054109999881e+00 1.256602495750779314e-01
4.763527054109999881e+00 1.256602495750779314e-01
4.770541082160000279e+00 1.153382958935540298e-01
4.812625250500000007e+00 1.224478162445540447e-01
4.819639278560000406e+00 1.213158812462614838e-01
4.854709418839999735e+00 1.074814491250584425e-01
4.854709418839999735e+00 1.074814491250584425e-01
4.882765531060000441e+00 1.180134039907157067e-01
4.896793587170000350e+00 1.244630901206286167e-01
4.973947895790000295e+00 1.339856027114061376e-01
4.987975951900000204e+00 1.910842475274009133e-01
4.987975951900000204e+00 1.910842475274009133e-01
4.994989979959999715e+00 1.645371539751218359e-01
5.002004008020000114e+00 1.526728242771236976e-01
5.023046092180000421e+00 1.457443541775094442e-01
5.058116232459999750e+00 1.700703406066461365e-01
5.072144288579999660e+00 1.349546859092171092e-01
5.100200400800000367e+00 1.346767491411347828e-01
5.100200400800000367e+00 1.346767491411347828e-01
5.107214428859999877e+00 1.411352390482338570e-01
5.121242484969999786e+00 1.428444071944574012e-01
5.121242484969999786e+00 1.428444071944574012e-01
5.142284569140000094e+00 1.817017328578813540e-01
5.142284569140000094e+00 1.817017328578813540e-01
5.149298597189999604e+00 2.027320256058509351e-01
5.149298597189999604e+00 2.027320256058509351e-01
5.156312625250000004e+00 1.795534512336548760e-01
5.163326653310000403e+00 1.467416954185430944e-01
5.163326653310000403e+00 1.467416954185430944e-01
5.170340681359999913e+00 1.332509719375011281e-01
5.170340681359999913e+00 1.332509719375011281e-01
5.170340681359999913e+00 1.332509719375011281e-01
5.177354709420000312e+00 1.319430096078415271e-01
5.184368737469999822e+00 1.633721123063875957e-01
5.219438877760000040e+00 1.467692878522154909e-01
5.226452905810000438e+00 1.641597459958748506e-01
5.233466933869999949e+00 1.525951890936151079e-01
5.233466933869999949e+00 1.525951890936151079e-01
5.254509018040000257e+00 1.807734680252495174e-01
5.261523046089999767e+00 1.586574319109889109e-01
5.268537074150000166e+00 1.761312784410689614e-01
5.282565130260000075e+00 1.393114399872272535e-01
5.296593186369999984e+00 1.353551226941459851e-01
5.331663326650000201e+00 1.480924079316213171e-01
5.345691382770000111e+00 2.365658917077924916e-01
5.387775551099999838e+00 1.594230979968107587e-01
5.429859719439999566e+00 1.819430869849774091e-01
5.429859719439999566e+00 1.819430869849774091e-01
5.471943887780000182e+00 2.089062116359117205e-01
5.478957915829999692e+00 2.042631008714239915e-01
5.500000000000000000e+00 1.472022254635454164e-01
