2.021042084169999864e+00 4.054898909676746932e+00
2.021042084169999864e+00 4.054898909676746932e+00
2.035070140280000217e+00 4.130994646938242809e+00
2.035070140280000217e+00 4.130994646938242809e+00
2.042084168340000172e+00 3.915595456696136623e+00
2.049098196390000126e+00 3.837113821073610875e+00
2.056112224450000081e+00 3.854500526459384790e+00
2.077154308619999945e+00 3.690453380818695894e+00
2.091182364729999854e+00 3.685413396830928612e+00
2.105210420840000207e+00 3.589494373415281547e+00
2.119238476950000116e+00 3.492112859090023669e+00
2.133266533070000026e+00 3.451857128626504068e+00
2.140280561119999980e+00 3.421296375488043218e+00
2.140280561119999980e+00 3.421296375488043218e+00
2.168336673349999799e+00 3.294084385457630049e+00
2.168336673349999799e+00 3.294084385457630049e+00
2.175350701400000197e+00 3.257723012567895093e+00
2.182364729460000152e+00 3.170330403342290548e+00
2.182364729460000152e+00 3.170330403342290548e+00
2.189378757520000107e+00 3.109707773266235709e+00
2.203406813630000016e+00 3.078629996926079748e+00
2.231462925849999834e+00 2.967379026403961895e+00
2.238476953909999789e+00 2.956094035914452078e+00
2.238476953909999789e+00 2.956094035914452078e+00
2.245490981960000187e+00 2.837008345632530570e+00
2.259519038080000097e+00 2.845823843189136948e+00
2.266533066130000051e+00 2.904322821843047464e+00
2.273547094190000006e+00 2.863590957423607364e+00
2.273547094190000006e+00 2.863590957423607364e+00
2.287575150299999915e+00 2.743692615374458299e+00
2.287575150299999915e+00 2.743692615374458299e+00
2.322645290580000133e+00 3.606013815230923569e+00
2.322645290580000133e+00 3.606013815230923569e+00
2.336673346690000042e+00 3.551628331581516029e+00
2.336673346690000042e+00 3.551628331581516029e+00
2.343687374749999996e+00 3.585762735198257278e+00
2.357715430859999906e+00 3.522546112921784545e+00
2.357715430859999906e+00 3.522546112921784545e+00
2.378757515030000214e+00 3.467747730476199219e+00
2.378757515030000214e+00 3.467747730476199219e+00
2.399799599200000078e+00 3.454246362064789189e+00
2.413827655309999987e+00 3.502844191022790099e+00
2.420841683369999942e+00 3.431156484195833301e+00
2.455911823650000159e+00 3.409556919944938702e+00
2.455911823650000159e+00 3.409556919944938702e+00
2.469939879760000068e+00 3.430036612871702140e+00
2.505010020039999841e+00 3.362744650976953853e+00
2.519038076150000194e+00 3.370263080889758900e+00
2.526052104210000149e+00 3.316776615670990136e+00
2.526052104210000149e+00 3.316776615670990136e+00
2.554108216429999967e+00 3.265583225233650744e+00
2.554108216429999967e+00 3.265583225233650744e+00
2.561122244489999922e+00 3.270170724536863638e+00
2.568136272549999877e+00 3.281443041710929265e+00
2.582164328659999786e+00 3.291372557013447331e+00
2.589178356710000184e+00 3.285964180058179807e+00
2.596192384770000139e+00 3.269858459241442805e+00
2.596192384770000139e+00 3.269858459241442805e+00
2.610220440880000048e+00 3.289933654243459848e+00
2.610220440880000048e+00 3.289933654243459848e+00
2.617234468940000003e+00 3.247164682944358560e+00
2.638276553109999867e+00 3.312869467242010479e+00
2.659318637270000174e+00 3.338576643950273315e+00
2.659318637270000174e+00 3.338576643950273315e+00
2.659318637270000174e+00 3.338576643950273315e+00
2.666332665330000129e+00 3.248884201810142702e+00
2.680360721440000038e+00 3.270716641989743767e+00
2.680360721440000038e+00 3.270716641989743767e+00
2.694388777559999948e+00 3.169015893735041445e+00
2.715430861719999811e+00 3.160518941282747463e+00
2.722444889780000210e+00 3.176369490556923747e+00
2.722444889780000210e+00 3.176369490556923747e+00
2.729458917840000165e+00 3.190503612549101753e+00
2.736472945890000119e+00 3.208770768176681720e+00
2.764529058119999938e+00 3.158871872156256533e+00
2.771543086169999892e+00 3.153947333793795327e+00
2.813627254510000064e+00 3.242818162293505502e+00
2.848697394789999837e+00 3.132217086514378135e+00
2.876753507010000099e+00 3.206864430591503279e+00
2.925851703409999782e+00 3.033719574556113407e+00
2.932865731460000180e+00 3.013081967033803377e+00
2.953907815630000044e+00 3.029073099106268874e+00
2.974949899799999908e+00 2.980713535794904168e+00
2.988977955909999817e+00 2.983103241290961272e+00
3.031062124249999989e+00 2.880259571787889605e+00
3.052104208419999853e+00 2.802416948253906526e+00
3.087174348700000071e+00 2.754023214969833599e+00
3.087174348700000071e+00 2.754023214969833599e+00
3.094188376750000025e+00 2.823519945229267414e+00
3.094188376750000025e+00 2.823519945229267414e+00
3.101202404809999980e+00 2.748225370911607790e+00
3.108216432869999934e+00 2.727211361783636878e+00
3.136272545090000197e+00 2.669383794805874288e+00
3.143286573150000152e+00 2.616461737030897350e+00
3.164328657310000015e+00 2.631307470129587767e+00
3.164328657310000015e+00 2.631307470129587767e+00
3.171342685369999970e+00 2.694707446021554542e+00
3.178356713429999925e+00 2.743366925529680422e+00
3.206412825650000187e+00 2.614752682933229266e+00
3.220440881760000096e+00 2.582363203732662704e+00
3.220440881760000096e+00 2.582363203732662704e+00
3.241482965929999960e+00 2.635116744270348921e+00
3.255511022039999869e+00 2.548494778152475604e+00
3.269539078159999779e+00 2.560858265747190554e+00
3.269539078159999779e+00 2.560858265747190554e+00
3.283567134270000132e+00 2.639288320549002975e+00
3.290581162320000086e+00 2.597874795387140612e+00
3.304609218439999996e+00 2.520046836796512757e+00
3.304609218439999996e+00 2.520046836796512757e+00
3.304609218439999996e+00 2.520046836796512757e+00
3.304609218439999996e+00 2.520046836796512757e+00
3.311623246489999950e+00 2.505762604048551445e+00
3.311623246489999950e+00 2.505762604048551445e+00
3.325651302609999860e+00 2.471693299319016379e+00
3.339679358720000213e+00 2.534660323028848250e+00
3.381763527049999940e+00 2.405679746162586063e+00
3.395791583169999850e+00 2.387168441904593763e+00
3.402805611219999804e+00 2.406201933812228244e+00
3.458917835669999885e+00 2.372421142783347037e+00
3.465931863729999840e+00 2.380011775152709230e+00
3.493987975950000102e+00 3.345086793735668085e+00
3.493987975950000102e+00 3.345086793735668085e+00
3.536072144289999830e+00 3.335518427486201087e+00
3.564128256510000092e+00 3.231818083612580050e+00
3.571142284570000047e+00 3.290893230702894190e+00
3.578156312630000002e+00 3.251670762838326567e+00
3.599198396789999865e+00 3.146679637019705211e+00
3.606212424849999820e+00 3.197727404159921960e+00
3.620240480960000173e+00 3.174196820040449118e+00
3.634268537070000082e+00 3.155158709453095511e+00
3.662324649299999901e+00 3.154569637681007510e+00
3.676352705409999810e+00 3.198824573013913319e+00
3.690380761520000164e+00 3.216401802093537210e+00
3.690380761520000164e+00 3.216401802093537210e+00
3.697394789580000118e+00 3.210106088827596516e+00
3.718436873749999982e+00 3.252026857588489417e+00
3.753507014030000200e+00 3.311100302260078454e+00
3.767535070140000109e+00 3.236772364190755535e+00
3.767535070140000109e+00 3.236772364190755535e+00
3.830661322650000145e+00 3.284217063354923472e+00
3.837675350700000099e+00 3.321735776875425206e+00
3.872745490979999872e+00 3.260939377195945621e+00
3.879759519039999827e+00 3.328574706108594405e+00
3.886773547089999781e+00 3.318356747355778236e+00
3.907815631260000089e+00 3.364062153743863082e+00
3.907815631260000089e+00 3.364062153743863082e+00
3.921843687369999998e+00 3.264613378882990080e+00
3.928857715429999953e+00 3.372942559016745889e+00
3.942885771539999862e+00 3.255094732930160273e+00
3.998997995989999943e+00 3.391244092933326737e+00
4.006012024050000342e+00 3.246872203229599574e+00
4.013026052099999852e+00 3.220574269958749181e+00
4.013026052099999852e+00 3.220574269958749181e+00
4.062124248499999979e+00 3.272330306027825930e+00
4.069138276550000377e+00 3.253783207344501882e+00
4.090180360719999797e+00 3.236080289450113945e+00
4.097194388780000196e+00 3.168936563764785497e+00
4.104208416829999706e+00 3.082917402333262835e+00
4.104208416829999706e+00 3.082917402333262835e+00
4.104208416829999706e+00 3.082917402333262835e+00
4.153306613229999833e+00 3.167852498436023900e+00
4.153306613229999833e+00 3.167852498436023900e+00
4.174348697390000140e+00 3.228735537554210833e+00
4.181362725449999651e+00 3.124026525461755632e+00
4.188376753510000050e+00 3.242464431766154842e+00
4.237474949900000176e+00 3.141809486854578282e+00
4.237474949900000176e+00 3.141809486854578282e+00
4.251503006010000085e+00 3.251345360654131156e+00
4.251503006010000085e+00 3.251345360654131156e+00
4.258517034069999596e+00 3.246115567476793196e+00
4.272545090180000393e+00 3.065584536301362739e+00
4.279559118239999904e+00 3.045231469287188908e+00
4.279559118239999904e+00 3.045231469287188908e+00
4.286573146290000302e+00 3.115489951899688581e+00
4.293587174349999813e+00 3.124390545309227996e+00
4.370741482969999758e+00 3.087796819041510599e+00
4.384769539079999667e+00 2.998524878832642404e+00
4.398797595189999576e+00 2.932373397616309774e+00
4.419839679359999884e+00 2.970779211731831460e+00
4.447895791579999702e+00 3.091145930616964410e+00
4.468937875750000011e+00 2.993265058888412433e+00
4.475951903810000410e+00 2.964625327873950944e+00
4.504008016030000228e+00 2.864530930203246673e+00
4.504008016030000228e+00 2.864530930203246673e+00
4.511022044089999739e+00 2.810007660468403223e+00
4.539078156309999557e+00 2.636698639880973971e+00
4.553106212420000354e+00 2.708656339153775239e+00
4.553106212420000354e+00 2.708656339153775239e+00
4.560120240479999865e+00 2.704650449392648870e+00
4.567134268540000264e+00 2.840117891868890077e+00
4.581162324650000173e+00 2.896551226799170209e+00
4.595190380760000082e+00 2.903831534977757478e+00
4.602204408819999593e+00 2.928674917689847668e+00
4.623246492989999901e+00 2.695132915115713512e+00
4.644288577150000208e+00 3.741896849387148727e+00
4.651302605209999719e+00 3.821943353247803099e+00
4.651302605209999719e+00 3.821943353247803099e+00
4.672344689380000027e+00 3.991440891283020598e+00
4.672344689380000027e+00 3.991440891283020598e+00
4.679358717430000425e+00 4.077833221615823511e+00
4.686372745489999936e+00 4.019605684939192791e+00
4.700400801599999845e+00 3.973163666097013547e+00
4.700400801599999845e+00 3.973163666097013547e+00
4.707414829660000244e+00 3.976546826038524163e+00
4.707414829660000244e+00 3.976546826038524163e+00
4.721442885770000153e+00 3.854814274831034115e+00
4.742484969939999573e+00 4.020042121193258211e+00
4.777555110219999790e+00 3.971936079230147243e+00
4.791583166329999699e+00 4.360709586875143096e+00
4.798597194390000098e+00 4.154619112613895382e+00
4.812625250500000007e+00 4.150957507229532162e+00
4.812625250500000007e+00 4.150957507229532162e+00
4.826653306609999916e+00 4.080955403170591467e+00
4.826653306609999916e+00 4.080955403170591467e+00
4.826653306609999916e+00 4.080955403170591467e+00
4.840681362729999826e+00 4.128487137171740429e+00
4.840681362729999826e+00 4.128487137171740429e+00
4.840681362729999826e+00 4.128487137171740429e+00
4.875751503010000043e+00 3.960496176204801877e+00
4.875751503010000043e+00 3.960496176204801877e+00
4.889779559119999952e+00 3.945440631117647090e+00
4.889779559119999952e+00 3.945440631117647090e+00
4.896793587170000350e+00 4.043078325748040491e+00
4.910821643290000260e+00 4.082397770047037078e+00
4.910821643290000260e+00 4.082397770047037078e+00
4.931863727449999679e+00 4.259294456511817373e+00
4.938877755510000078e+00 4.227372419102077394e+00
4.966933867739999897e+00 4.173351535818892621e+00
4.966933867739999897e+00 4.173351535818892621e+00
4.973947895790000295e+00 4.164386107191389463e+00
4.987975951900000204e+00 4.251639029534332259e+00
4.987975951900000204e+00 4.251639029534332259e+00
4.994989979959999715e+00 4.187407412873617396e+00
5.002004008020000114e+00 4.271308788414555302e+00
5.009018036069999624e+00 4.418746864905426897e+00
5.051102204410000240e+00 4.638456296689333236e+00
5.058116232459999750e+00 4.612461880890154298e+00
5.107214428859999877e+00 4.647778333243072879e+00
5.107214428859999877e+00 4.647778333243072879e+00
5.114228456910000276e+00 4.603489338265114306e+00
5.121242484969999786e+00 4.464106788823579031e+00
5.170340681359999913e+00 4.480370741208561824e+00
5.177354709420000312e+00 4.316114891358098227e+00
5.184368737469999822e+00 4.419215656023943062e+00
5.191382765530000221e+00 4.579980113724449353e+00
5.198396793589999731e+00 4.487755527378327614e+00
5.205410821640000130e+00 4.417118796232075262e+00
5.226452905810000438e+00 4.671679394906800731e+00
5.289579158319999586e+00 4.302731283396411754e+00
5.289579158319999586e+00 4.302731283396411754e+00
5.303607214430000383e+00 4.317469761068846168e+00
5.317635270540000292e+00 4.167101340472233240e+00
5.324649298599999803e+00 4.182823164812780270e+00
5.324649298599999803e+00 4.182823164812780270e+00
5.338677354709999712e+00 4.380351815160145712e+00
5.352705410819999621e+00 4.411388789245225261e+00
5.380761523050000328e+00 4.766114948534432294e+00
5.394789579160000237e+00 4.140910073437892969e+00
5.401803607209999747e+00 4.052388434042618393e+00
5.401803607209999747e+00 4.052388434042618393e+00
5.422845691380000055e+00 4.102520058830894101e+00
5.429859719439999566e+00 4.004130950903173058e+00
5.436873747489999964e+00 4.034712504374699193e+00
5.464929859719999783e+00 4.405019919153469132e+00
5.471943887780000182e+00 4.817032891477282419e+00
5.471943887780000182e+00 4.817032891477282419e+00
5.471943887780000182e+00 4.817032891477282419e+00
