2.000000000000000000e+00 8.581046592459108169e+00
2.056112224450000081e+00 7.818655960951779171e+00
2.063126252510000036e+00 7.783774081676183343e+00
2.070140280559999990e+00 7.804256848763331256e+00
2.098196392789999809e+00 7.834600963199386037e+00
2.105210420840000207e+00 7.824487371712438133e+00
2.105210420840000207e+00 7.824487371712438133e+00
2.112224448900000162e+00 7.669800542943356447e+00
2.112224448900000162e+00 7.669800542943356447e+00
2.119238476950000116e+00 6.932149296410313077e+00
2.119238476950000116e+00 6.932149296410313077e+00
2.119238476950000116e+00 6.932149296410313077e+00
2.119238476950000116e+00 6.932149296410313077e+00
2.126252505010000071e+00 2.705210495808365145e+00
2.147294589179999935e+00 2.070532421677913959e+00
2.154308617229999889e+00 2.299476861225047131e+00
2.175350701400000197e+00 1.844047984934515272e+00
2.182364729460000152e+00 1.925030142214733786e+00
2.182364729460000152e+00 1.925030142214733786e+00
2.182364729460000152e+00 1.925030142214733786e+00
2.203406813630000016e+00 2.123608913808054055e+00
2.217434869739999925e+00 2.575771013442678115e+00
2.231462925849999834e+00 1.831963038335746141e+00
2.259519038080000097e+00 1.694767879432298896e+00
2.308617234469999779e+00 2.375346064226140808e+00
2.308617234469999779e+00 2.375346064226140808e+00
2.329659318640000087e+00 2.291790965644613820e+00
2.329659318640000087e+00 2.291790965644613820e+00
2.343687374749999996e+00 2.334858359068957334e+00
2.350701402809999951e+00 2.178411801188863794e+00
2.357715430859999906e+00 2.335853837979925185e+00
2.364729458919999860e+00 2.289554774329182418e+00
2.378757515030000214e+00 2.151393395536432607e+00
2.385771543090000169e+00 2.241700441340173988e+00
2.413827655309999987e+00 2.371593520994673021e+00
2.420841683369999942e+00 2.560050878984458489e+00
2.434869739479999851e+00 2.579646404929011982e+00
2.469939879760000068e+00 2.432543528946901290e+00
2.505010020039999841e+00 2.273121394011907714e+00
2.505010020039999841e+00 2.273121394011907714e+00
2.519038076150000194e+00 2.362623607964238648e+00
2.533066132260000103e+00 2.291279510757536553e+00
2.540080160320000058e+00 2.143688298399587300e+00
2.568136272549999877e+00 2.336544239111317811e+00
2.575150300599999831e+00 2.445920163906179390e+00
2.596192384770000139e+00 2.508780116924908654e+00
2.652304609220000220e+00 2.658919593592952602e+00
2.659318637270000174e+00 2.657617550465960932e+00
2.666332665330000129e+00 2.556457584639958203e+00
2.673346693390000084e+00 2.568547493335969101e+00
2.701402805609999902e+00 2.144785541950679164e+00
2.715430861719999811e+00 1.918778140787546160e+00
2.743486973950000074e+00 1.942484137889079143e+00
2.764529058119999938e+00 1.939384076754777420e+00
2.771543086169999892e+00 1.931818207405850751e+00
2.771543086169999892e+00 1.931818207405850751e+00
2.778557114229999847e+00 1.908491801543549249e+00
2.778557114229999847e+00 1.908491801543549249e+00
2.792585170340000200e+00 1.948005175302368830e+00
2.813627254510000064e+00 1.931190003793318510e+00
2.820641282570000019e+00 1.853915367831643124e+00
2.848697394789999837e+00 1.896284114043742752e+00
2.855711422849999792e+00 1.861896917592273493e+00
2.869739478960000145e+00 1.876578768282625376e+00
2.897795591179999963e+00 1.887241267376801757e+00
2.904809619239999918e+00 1.880243337371660273e+00
2.911823647289999872e+00 1.850811744068793230e+00
2.925851703409999782e+00 1.933652769573577235e+00
2.925851703409999782e+00 1.933652769573577235e+00
2.939879759520000135e+00 1.925041604569342146e+00
2.939879759520000135e+00 1.925041604569342146e+00
2.960921843689999999e+00 1.836163519808129641e+00
2.995991983970000216e+00 1.651184789967414357e+00
3.017034068140000080e+00 1.772717241430508794e+00
3.017034068140000080e+00 1.772717241430508794e+00
3.038076152299999944e+00 1.702226847181351976e+00
3.045090180359999898e+00 1.616837280303999869e+00
3.052104208419999853e+00 1.558105423632287767e+00
3.066132264530000207e+00 1.464381548489707141e+00
3.073146292590000161e+00 1.477527737558286036e+00
3.094188376750000025e+00 1.547612664771622182e+00
3.108216432869999934e+00 1.512713355698492634e+00
3.136272545090000197e+00 1.368432883191022409e+00
3.143286573150000152e+00 1.440892332022995603e+00
3.150300601200000106e+00 1.645049929638490172e+00
3.185370741479999879e+00 1.487428810766169507e+00
3.192384769539999834e+00 1.457182646992090325e+00
3.192384769539999834e+00 1.457182646992090325e+00
3.199398797599999789e+00 1.410600570723108627e+00
3.220440881760000096e+00 1.496281620083033337e+00
3.220440881760000096e+00 1.496281620083033337e+00
3.234468937880000006e+00 1.483684114589962855e+00
3.248496993989999915e+00 1.466640252900437424e+00
3.255511022039999869e+00 1.470165422364571484e+00
3.255511022039999869e+00 1.470165422364571484e+00
3.262525050099999824e+00 1.478702284750278872e+00
3.290581162320000086e+00 1.535241910720281933e+00
3.297595190380000041e+00 1.476564632472088245e+00
3.304609218439999996e+00 1.420846754273520585e+00
3.325651302609999860e+00 1.505840270627770261e+00
3.346693386770000167e+00 1.460868094416174934e+00
3.360721442890000077e+00 1.521164909977740232e+00
3.374749498999999986e+00 1.553816785421714419e+00
3.374749498999999986e+00 1.553816785421714419e+00
3.381763527049999940e+00 1.513929968699792905e+00
3.409819639280000203e+00 1.564531360982105879e+00
3.409819639280000203e+00 1.564531360982105879e+00
3.409819639280000203e+00 1.564531360982105879e+00
3.416833667330000157e+00 1.534393640379354329e+00
3.416833667330000157e+00 1.534393640379354329e+00
3.423847695390000112e+00 1.493576649063911743e+00
3.458917835669999885e+00 1.475148168796897696e+00
3.536072144289999830e+00 1.857272007598673946e+00
3.543086172339999784e+00 1.815869666614945421e+00
3.571142284570000047e+00 1.962183763062770980e+00
3.592184368739999911e+00 1.935737790436899752e+00
3.613226452910000219e+00 1.971060178423660547e+00
3.620240480960000173e+00 1.911628950633414314e+00
3.627254509020000128e+00 1.893523502653790880e+00
3.641282565130000037e+00 1.954026016616829731e+00
3.662324649299999901e+00 1.686154114416696048e+00
3.662324649299999901e+00 1.686154114416696048e+00
3.676352705409999810e+00 1.887654792027096518e+00
3.690380761520000164e+00 1.988733693781751688e+00
3.704408817640000073e+00 1.981840825045444232e+00
3.711422845690000027e+00 1.926397262906738517e+00
3.746492985969999800e+00 1.934773248231636211e+00
3.844689378760000054e+00 2.362588826114915275e+00
3.872745490979999872e+00 2.206333686936494232e+00
3.900801603210000135e+00 2.159667512279474622e+00
3.914829659320000044e+00 2.249112788494890935e+00
3.928857715429999953e+00 2.187269449144204181e+00
3.942885771539999862e+00 2.075113116554132997e+00
3.963927855710000170e+00 2.091591932983741575e+00
3.963927855710000170e+00 2.091591932983741575e+00
3.970941883770000125e+00 2.092998566727030330e+00
3.998997995989999943e+00 2.017971082670587002e+00
4.006012024050000342e+00 2.036111203065661179e+00
4.020040080160000251e+00 2.030456232816499007e+00
4.034068136270000160e+00 1.983768711333665502e+00
4.090180360719999797e+00 2.043574522391110815e+00
4.097194388780000196e+00 2.059026292210637266e+00
4.111222444890000105e+00 2.118367958246396565e+00
4.160320641280000231e+00 2.231532082385716986e+00
4.167334669339999742e+00 2.268086464853951156e+00
4.167334669339999742e+00 2.268086464853951156e+00
4.181362725449999651e+00 1.807667088912877196e+00
4.195390781559999560e+00 1.310374654753589274e+00
4.209418837680000358e+00 1.278317219330570742e+00
4.237474949900000176e+00 1.365939767160584184e+00
4.237474949900000176e+00 1.365939767160584184e+00
4.251503006010000085e+00 1.298010703226376572e+00
4.258517034069999596e+00 1.224595993915162939e+00
4.279559118239999904e+00 1.222334047765079923e+00
4.328657314630000030e+00 1.293452505844570943e+00
4.349699398800000338e+00 1.875070805321378709e+00
4.356713426849999848e+00 1.845345232553483372e+00
4.363727454910000247e+00 1.834287104516398648e+00
4.384769539079999667e+00 2.007159794225958915e+00
4.384769539079999667e+00 2.007159794225958915e+00
4.391783567130000066e+00 1.913318517222439619e+00
4.405811623249999975e+00 2.003035314977656522e+00
4.412825651300000374e+00 1.981751291787199776e+00
4.412825651300000374e+00 1.981751291787199776e+00
4.426853707410000283e+00 2.002006944463256666e+00
4.433867735469999793e+00 2.007883572110596759e+00
4.489979959920000319e+00 1.388085061386049146e+00
4.489979959920000319e+00 1.388085061386049146e+00
4.511022044089999739e+00 1.550597852906660190e+00
4.518036072140000137e+00 1.561970959679710225e+00
4.525050100199999648e+00 1.578509270615951587e+00
4.581162324650000173e+00 1.481465988267305800e+00
4.581162324650000173e+00 1.481465988267305800e+00
4.616232464930000390e+00 1.839518372835496018e+00
4.623246492989999901e+00 1.766898117114250155e+00
4.623246492989999901e+00 1.766898117114250155e+00
4.630260521040000299e+00 1.565328872233483937e+00
4.644288577150000208e+00 1.949584565140225045e+00
4.658316633270000118e+00 1.813300911293310502e+00
4.686372745489999936e+00 1.845997877724915970e+00
4.686372745489999936e+00 1.845997877724915970e+00
4.735470941880000062e+00 1.954633138977596607e+00
4.749498997999999972e+00 1.874500488033473911e+00
4.770541082160000279e+00 1.790121106585870425e+00
4.770541082160000279e+00 1.790121106585870425e+00
4.777555110219999790e+00 1.763833883323527418e+00
4.805611222439999608e+00 1.930217495164326502e+00
4.805611222439999608e+00 1.930217495164326502e+00
4.819639278560000406e+00 1.928539322639645448e+00
4.826653306609999916e+00 1.932579568602907250e+00
4.840681362729999826e+00 1.771276385049521451e+00
4.840681362729999826e+00 1.771276385049521451e+00
4.847695390780000224e+00 1.746935520446695866e+00
4.847695390780000224e+00 1.746935520446695866e+00
4.854709418839999735e+00 1.768415257006260566e+00
4.854709418839999735e+00 1.768415257006260566e+00
4.882765531060000441e+00 1.859938462392341618e+00
4.889779559119999952e+00 1.858626498889656364e+00
4.896793587170000350e+00 1.877038352361680484e+00
4.917835671339999770e+00 1.756727339880078009e+00
4.917835671339999770e+00 1.756727339880078009e+00
4.917835671339999770e+00 1.756727339880078009e+00
4.931863727449999679e+00 1.770479316007194548e+00
4.931863727449999679e+00 1.770479316007194548e+00
4.938877755510000078e+00 1.827263744494407760e+00
4.959919839680000386e+00 2.531449817916471723e+00
4.973947895790000295e+00 2.002222319904416459e+00
4.980961923849999806e+00 2.175055766374431876e+00
4.987975951900000204e+00 2.215751358172352692e+00
4.987975951900000204e+00 2.215751358172352692e+00
5.009018036069999624e+00 2.109655568212924326e+00
5.044088176349999841e+00 2.123574533615511406e+00
5.072144288579999660e+00 1.951195983368887665e+00
5.072144288579999660e+00 1.951195983368887665e+00
5.079158316630000058e+00 2.038734214456266791e+00
5.086172344689999569e+00 2.060525023443197767e+00
5.093186372749999968e+00 1.952171197828191263e+00
5.093186372749999968e+00 1.952171197828191263e+00
5.128256513030000185e+00 1.866446219664766426e+00
5.128256513030000185e+00 1.866446219664766426e+00
5.142284569140000094e+00 2.323930507607927520e+00
5.142284569140000094e+00 2.323930507607927520e+00
5.163326653310000403e+00 1.894520600940877042e+00
5.177354709420000312e+00 1.802723007958574319e+00
5.184368737469999822e+00 2.070182268683194327e+00
5.191382765530000221e+00 2.124463157465199981e+00
5.191382765530000221e+00 2.124463157465199981e+00
5.191382765530000221e+00 2.124463157465199981e+00
5.198396793589999731e+00 1.895408469410908570e+00
5.205410821640000130e+00 1.806978871989118440e+00
5.205410821640000130e+00 1.806978871989118440e+00
5.212424849699999641e+00 1.837370937408053351e+00
5.212424849699999641e+00 1.837370937408053351e+00
5.219438877760000040e+00 1.932062922876326416e+00
5.226452905810000438e+00 2.029516986147239965e+00
5.282565130260000075e+00 1.488860182022716749e+00
5.296593186369999984e+00 1.611602269293525680e+00
5.296593186369999984e+00 1.611602269293525680e+00
5.303607214430000383e+00 1.618846497684305552e+00
5.331663326650000201e+00 2.006251492216807097e+00
5.359719438880000020e+00 2.148633037620160557e+00
5.359719438880000020e+00 2.148633037620160557e+00
5.373747494989999929e+00 2.325568281316068298e+00
5.401803607209999747e+00 2.259628829195889477e+00
5.450901803609999874e+00 2.121700754432751967e+00
5.464929859719999783e+00 2.444176010270592947e+00
5.471943887780000182e+00 2.376080728312318424e+00
5.485971943890000091e+00 2.577527960796320183e+00
