2.007014028059999955e+00 8.966162067726873630e+00
2.007014028059999955e+00 8.966162067726873630e+00
2.035070140280000217e+00 8.223400767518842969e+00
2.042084168340000172e+00 7.911709399207026649e+00
2.049098196390000126e+00 7.723628409185749888e+00
2.063126252510000036e+00 7.816517260672452672e+00
2.154308617229999889e+00 5.847196784205468845e+00
2.161322645289999844e+00 5.774991322865262511e+00
2.182364729460000152e+00 5.341966000405736104e+00
2.210420841679999970e+00 5.384278541614409441e+00
2.217434869739999925e+00 5.437965272928859228e+00
2.224448897799999880e+00 5.157075466518399764e+00
2.224448897799999880e+00 5.157075466518399764e+00
2.231462925849999834e+00 4.917876210142013704e+00
2.259519038080000097e+00 4.708745071718907660e+00
2.259519038080000097e+00 4.708745071718907660e+00
2.273547094190000006e+00 5.048457833338813927e+00
2.280561122239999960e+00 4.951018221619090554e+00
2.280561122239999960e+00 4.951018221619090554e+00
2.287575150299999915e+00 4.952223044173838851e+00
2.308617234469999779e+00 5.961044545142058837e+00
2.308617234469999779e+00 5.961044545142058837e+00
2.322645290580000133e+00 6.093623287776206432e+00
2.329659318640000087e+00 5.968267673722691846e+00
2.329659318640000087e+00 5.968267673722691846e+00
2.343687374749999996e+00 6.026014992544190818e+00
2.378757515030000214e+00 5.716578588789135829e+00
2.399799599200000078e+00 5.775282439109681754e+00
2.406813627250000032e+00 5.732399573993580688e+00
2.441883767539999806e+00 5.989161535750882059e+00
2.448897795590000204e+00 5.860212254440323676e+00
2.455911823650000159e+00 5.790863833621012091e+00
2.469939879760000068e+00 5.700286889447172989e+00
2.497995991979999886e+00 5.701517457919778487e+00
2.505010020039999841e+00 5.645270695141244133e+00
2.547094188380000013e+00 5.564535045679458669e+00
2.561122244489999922e+00 5.600194028851076311e+00
2.561122244489999922e+00 5.600194028851076311e+00
2.582164328659999786e+00 5.514939380630577759e+00
2.603206412830000094e+00 5.545656144548709143e+00
2.603206412830000094e+00 5.545656144548709143e+00
2.624248496989999957e+00 5.605881173711700249e+00
2.631262525049999912e+00 5.625378862447434791e+00
2.666332665330000129e+00 5.572595730190088581e+00
2.687374749499999993e+00 5.573293372090096121e+00
2.687374749499999993e+00 5.573293372090096121e+00
2.701402805609999902e+00 5.186946962157120922e+00
2.701402805609999902e+00 5.186946962157120922e+00
2.722444889780000210e+00 4.949163109102790337e+00
2.722444889780000210e+00 4.949163109102790337e+00
2.736472945890000119e+00 4.882708858286640918e+00
2.743486973950000074e+00 4.795726645898147567e+00
2.757515030059999983e+00 4.842914755609580624e+00
2.771543086169999892e+00 4.769986492223285524e+00
2.778557114229999847e+00 4.718968806586356202e+00
2.799599198400000155e+00 4.746145902677755934e+00
2.806613226450000109e+00 4.727473094555188382e+00
2.820641282570000019e+00 4.756855578916712624e+00
2.827655310619999973e+00 4.707226496080018308e+00
2.834669338679999928e+00 4.606451757396888169e+00
2.890781563130000009e+00 4.757055287226492624e+00
2.918837675349999827e+00 4.609956376103045983e+00
2.925851703409999782e+00 4.572312631072962930e+00
2.932865731460000180e+00 4.570545107785203065e+00
3.003006012020000171e+00 4.419666899765246626e+00
3.010020040080000125e+00 4.468309406805800243e+00
3.017034068140000080e+00 4.516289700180542432e+00
3.017034068140000080e+00 4.516289700180542432e+00
3.031062124249999989e+00 4.448433231344223415e+00
3.038076152299999944e+00 4.468144683906061232e+00
3.080160320640000116e+00 4.186679305054764377e+00
3.101202404809999980e+00 4.108153540678899596e+00
3.115230460919999889e+00 4.139022912498606210e+00
3.192384769539999834e+00 3.952576438715737606e+00
3.220440881760000096e+00 4.035511003529261842e+00
3.227454909820000051e+00 4.044456447922610387e+00
3.241482965929999960e+00 4.084478803257173496e+00
3.248496993989999915e+00 4.092759222661032759e+00
3.248496993989999915e+00 4.092759222661032759e+00
3.248496993989999915e+00 4.092759222661032759e+00
3.262525050099999824e+00 4.048334911729804197e+00
3.262525050099999824e+00 4.048334911729804197e+00
3.269539078159999779e+00 4.138315252900089725e+00
3.276553106210000177e+00 4.211051182757202582e+00
3.276553106210000177e+00 4.211051182757202582e+00
3.283567134270000132e+00 4.138398469089156428e+00
3.290581162320000086e+00 4.143952456077406588e+00
3.339679358720000213e+00 3.992194937136423150e+00
3.339679358720000213e+00 3.992194937136423150e+00
3.339679358720000213e+00 3.992194937136423150e+00
3.346693386770000167e+00 3.993709537171170609e+00
3.402805611219999804e+00 3.993592090540089679e+00
3.402805611219999804e+00 3.993592090540089679e+00
3.409819639280000203e+00 3.967017829598487921e+00
3.430861723450000067e+00 3.986179268410782850e+00
3.430861723450000067e+00 3.986179268410782850e+00
3.451903807619999931e+00 3.895865170502834651e+00
3.472945891779999794e+00 3.907198624183635616e+00
3.501002004010000057e+00 4.810970512927341680e+00
3.508016032060000011e+00 4.816606731547083520e+00
3.522044088179999921e+00 4.952803641651145838e+00
3.522044088179999921e+00 4.952803641651145838e+00
3.543086172339999784e+00 4.766747285072398199e+00
3.557114228460000138e+00 4.831554505678846034e+00
3.585170340679999956e+00 4.949901866978134279e+00
3.655310621239999946e+00 4.788763913489844981e+00
3.669338677349999855e+00 4.854788026826988734e+00
3.676352705409999810e+00 4.989425687256854758e+00
3.697394789580000118e+00 5.072347986209701176e+00
3.704408817640000073e+00 5.074928916543877122e+00
3.704408817640000073e+00 5.074928916543877122e+00
3.732464929859999891e+00 4.858367403768967030e+00
3.753507014030000200e+00 4.746268627812261443e+00
3.788577154309999973e+00 4.788038746323522332e+00
3.837675350700000099e+00 4.700586831933113885e+00
3.844689378760000054e+00 4.657775653506695868e+00
3.851703406810000008e+00 4.518576417187252225e+00
3.872745490979999872e+00 4.506882413912675744e+00
3.872745490979999872e+00 4.506882413912675744e+00
3.879759519039999827e+00 4.703675043934812727e+00
3.886773547089999781e+00 4.722096996773159638e+00
3.900801603210000135e+00 4.728152430001377304e+00
3.928857715429999953e+00 4.725499426490050503e+00
3.963927855710000170e+00 4.775699498104728491e+00
3.970941883770000125e+00 4.875023662604934138e+00
3.970941883770000125e+00 4.875023662604934138e+00
3.977955911820000079e+00 4.810217656370888051e+00
4.006012024050000342e+00 4.733346592674696041e+00
4.048096192380000069e+00 4.775313581365463911e+00
4.062124248499999979e+00 4.789516919997675259e+00
4.069138276550000377e+00 4.775330125200306419e+00
4.076152304609999888e+00 4.833384864678259341e+00
4.083166332670000287e+00 4.686477101270293488e+00
4.097194388780000196e+00 4.696184673360058071e+00
4.111222444890000105e+00 4.667485019070849006e+00
4.118236472949999616e+00 4.704907084255867566e+00
4.125250501000000014e+00 4.826284229126868830e+00
4.132264529060000413e+00 4.746705529115135214e+00
4.181362725449999651e+00 4.706532828192260709e+00
4.209418837680000358e+00 4.227719580446810177e+00
4.209418837680000358e+00 4.227719580446810177e+00
4.230460921839999777e+00 4.322742361891988239e+00
4.230460921839999777e+00 4.322742361891988239e+00
4.258517034069999596e+00 4.076831313090532483e+00
4.265531062119999994e+00 4.095411176685103349e+00
4.279559118239999904e+00 3.969995558615281084e+00
4.286573146290000302e+00 3.971881583968671414e+00
4.286573146290000302e+00 3.971881583968671414e+00
4.286573146290000302e+00 3.971881583968671414e+00
4.293587174349999813e+00 3.959652456162764178e+00
4.321643286569999631e+00 4.045603371559503891e+00
4.342685370739999939e+00 4.201798126301391711e+00
4.363727454910000247e+00 4.484627169112915368e+00
4.384769539079999667e+00 4.565139372054577649e+00
4.391783567130000066e+00 4.496630675361695140e+00
4.391783567130000066e+00 4.496630675361695140e+00
4.412825651300000374e+00 4.657656226516540876e+00
4.433867735469999793e+00 4.910058866396026289e+00
4.447895791579999702e+00 4.776694649130682535e+00
4.461923847699999612e+00 4.529377893509932029e+00
4.489979959920000319e+00 4.322852624493363827e+00
4.489979959920000319e+00 4.322852624493363827e+00
4.511022044089999739e+00 4.257238255997605414e+00
4.511022044089999739e+00 4.257238255997605414e+00
4.546092184369999956e+00 4.115324682302203385e+00
4.560120240479999865e+00 4.262743464453645714e+00
4.560120240479999865e+00 4.262743464453645714e+00
4.567134268540000264e+00 4.322139472126010240e+00
4.567134268540000264e+00 4.322139472126010240e+00
4.574148296589999774e+00 4.357128549911244875e+00
4.595190380760000082e+00 4.211677873053833565e+00
4.595190380760000082e+00 4.211677873053833565e+00
4.602204408819999593e+00 4.215339978739754301e+00
4.630260521040000299e+00 3.994943527582453413e+00
4.644288577150000208e+00 5.310190754423203430e+00
4.672344689380000027e+00 5.410630644575313397e+00
4.672344689380000027e+00 5.410630644575313397e+00
4.693386773550000335e+00 5.456773594761690660e+00
4.707414829660000244e+00 5.238309159226992584e+00
4.707414829660000244e+00 5.238309159226992584e+00
4.707414829660000244e+00 5.238309159226992584e+00
4.714428857719999755e+00 5.353077515916447204e+00
4.728456913829999664e+00 5.300364506623234995e+00
4.735470941880000062e+00 5.423145458996738277e+00
4.735470941880000062e+00 5.423145458996738277e+00
4.749498997999999972e+00 5.543197801434260441e+00
4.763527054109999881e+00 5.497179235351793203e+00
4.819639278560000406e+00 5.526569876567023698e+00
4.833667334670000315e+00 5.293616246185445462e+00
4.833667334670000315e+00 5.293616246185445462e+00
4.861723446890000133e+00 5.271141881121677919e+00
4.868737474949999644e+00 5.246065481331878999e+00
4.896793587170000350e+00 5.387770271709525716e+00
4.910821643290000260e+00 5.370559431892678148e+00
4.924849699400000169e+00 5.467896820726237728e+00
4.952905811619999987e+00 5.964102428966713276e+00
4.959919839680000386e+00 5.987468715381136342e+00
4.973947895790000295e+00 5.627868714513507342e+00
5.016032064130000023e+00 5.945472332087252454e+00
5.023046092180000421e+00 5.831649674397035632e+00
5.051102204410000240e+00 5.997807169250332748e+00
5.051102204410000240e+00 5.997807169250332748e+00
5.065130260520000149e+00 5.758129584487789110e+00
5.072144288579999660e+00 5.659962945698837622e+00
5.093186372749999968e+00 5.628281314129189639e+00
5.093186372749999968e+00 5.628281314129189639e+00
5.100200400800000367e+00 5.643375817131518701e+00
5.156312625250000004e+00 5.543808247123300781e+00
5.170340681359999913e+00 5.198827244900517286e+00
5.184368737469999822e+00 5.424841929299070387e+00
5.198396793589999731e+00 5.342198516659784957e+00
5.205410821640000130e+00 5.249898251060804100e+00
5.226452905810000438e+00 5.590002589284612355e+00
5.240480961920000347e+00 5.300706503003516978e+00
5.240480961920000347e+00 5.300706503003516978e+00
5.261523046089999767e+00 5.133776651072037289e+00
5.275551102199999676e+00 5.058286143425402059e+00
5.282565130260000075e+00 4.909087225585937020e+00
5.289579158319999586e+00 5.021722261524593556e+00
5.289579158319999586e+00 5.021722261524593556e+00
5.317635270540000292e+00 5.221104046944203603e+00
5.324649298599999803e+00 5.415555244755199560e+00
5.331663326650000201e+00 5.454467023192898445e+00
5.345691382770000111e+00 6.113975366909140341e+00
5.359719438880000020e+00 5.861961590455888604e+00
5.359719438880000020e+00 5.861961590455888604e+00
5.387775551099999838e+00 5.951942557605143236e+00
5.394789579160000237e+00 5.809825752247591346e+00
5.394789579160000237e+00 5.809825752247591346e+00
5.401803607209999747e+00 5.825084111019678268e+00
5.415831663329999657e+00 5.577367397799342541e+00
5.415831663329999657e+00 5.577367397799342541e+00
5.415831663329999657e+00 5.577367397799342541e+00
5.422845691380000055e+00 5.726380484090083378e+00
5.436873747489999964e+00 5.708295946052418302e+00
5.443887775550000363e+00 5.614027611742850254e+00
5.450901803609999874e+00 5.663105784320468850e+00
5.457915831660000272e+00 5.955492550341403124e+00
5.485971943890000091e+00 6.263575671918741428e+00
5.492985971939999601e+00 6.022449004632225211e+00
