2.007014028059999955e+00 4.767064221745629382e+00
2.042084168340000172e+00 4.364038567060450013e+00
2.042084168340000172e+00 4.364038567060450013e+00
2.049098196390000126e+00 4.330164520812356699e+00
2.056112224450000081e+00 4.273935056035814917e+00
2.105210420840000207e+00 3.416972389645038355e+00
2.112224448900000162e+00 3.307690254489576542e+00
2.133266533070000026e+00 1.629992756255229658e-01
2.140280561119999980e+00 1.751124390479511794e-01
2.140280561119999980e+00 1.751124390479511794e-01
2.154308617229999889e+00 1.825358386370113384e-01
2.168336673349999799e+00 1.449013208319509249e-01
2.175350701400000197e+00 1.316735069278016923e-01
2.189378757520000107e+00 1.368419180818667980e-01
2.196392785570000061e+00 1.390528078241317356e-01
2.217434869739999925e+00 2.484894828163289604e-01
2.245490981960000187e+00 1.958758340897806260e-01
2.252505010020000142e+00 1.707161373564958229e-01
2.266533066130000051e+00 1.555209589087733213e-01
2.280561122239999960e+00 1.998675202358064784e-01
2.301603206409999824e+00 1.656506649526199304e-01
2.301603206409999824e+00 1.656506649526199304e-01
2.308617234469999779e+00 1.607645191066915391e-01
2.343687374749999996e+00 1.573754807576237535e-01
2.350701402809999951e+00 1.378170862728194945e-01
2.350701402809999951e+00 1.378170862728194945e-01
2.357715430859999906e+00 1.556627191979216285e-01
2.427855711419999896e+00 1.943136816817288837e-01
2.455911823650000159e+00 1.565897872979823136e-01
2.455911823650000159e+00 1.565897872979823136e-01
2.462925851700000113e+00 1.749773992568800229e-01
2.462925851700000113e+00 1.749773992568800229e-01
2.469939879760000068e+00 1.719085979370875150e-01
2.469939879760000068e+00 1.719085979370875150e-01
2.476953907820000023e+00 1.539137042381839571e-01
2.497995991979999886e+00 1.682778362175979536e-01
2.519038076150000194e+00 1.661758286258384620e-01
2.533066132260000103e+00 1.655581450713800307e-01
2.561122244489999922e+00 1.735743996076963280e-01
2.582164328659999786e+00 1.793855172906626549e-01
2.589178356710000184e+00 1.874544015765811367e-01
2.596192384770000139e+00 1.877292761292636281e-01
2.610220440880000048e+00 1.803642094925685668e-01
2.624248496989999957e+00 2.125441808359646578e-01
2.631262525049999912e+00 2.166290811232579050e-01
2.638276553109999867e+00 2.116145223728963520e-01
2.645290581159999821e+00 2.082738135464055618e-01
2.652304609220000220e+00 2.146754598721621610e-01
2.666332665330000129e+00 2.025726856750439953e-01
2.687374749499999993e+00 2.145078948468537028e-01
2.694388777559999948e+00 2.128807448075432096e-01
2.736472945890000119e+00 1.506312142052015635e-01
2.743486973950000074e+00 1.421242192927905656e-01
2.764529058119999938e+00 1.428774346680775909e-01
2.771543086169999892e+00 1.435845956252707611e-01
2.778557114229999847e+00 1.418220565377718845e-01
2.785571142279999801e+00 1.403321271278566706e-01
2.806613226450000109e+00 1.481460876555897588e-01
2.806613226450000109e+00 1.481460876555897588e-01
2.855711422849999792e+00 1.426586296111493068e-01
2.855711422849999792e+00 1.426586296111493068e-01
2.883767535070000054e+00 1.469989186071838649e-01
2.918837675349999827e+00 1.422044551388490230e-01
2.953907815630000044e+00 1.359212683653270581e-01
2.960921843689999999e+00 1.421647568612469936e-01
2.974949899799999908e+00 1.418911888515985431e-01
2.988977955909999817e+00 1.365090004471267993e-01
3.038076152299999944e+00 1.332259244535206610e-01
3.038076152299999944e+00 1.332259244535206610e-01
3.045090180359999898e+00 1.257656249909553103e-01
3.052104208419999853e+00 1.172670017843720353e-01
3.087174348700000071e+00 1.292714840131054532e-01
3.087174348700000071e+00 1.292714840131054532e-01
3.129258517029999798e+00 1.081549160047862168e-01
3.136272545090000197e+00 1.050576118258146480e-01
3.136272545090000197e+00 1.050576118258146480e-01
3.143286573150000152e+00 1.119636977428849350e-01
3.171342685369999970e+00 1.175724120257012062e-01
3.220440881760000096e+00 1.211825659201840738e-01
3.220440881760000096e+00 1.211825659201840738e-01
3.227454909820000051e+00 1.217684582835696222e-01
3.227454909820000051e+00 1.217684582835696222e-01
3.234468937880000006e+00 1.201460973277200112e-01
3.262525050099999824e+00 1.199577565996718942e-01
3.269539078159999779e+00 1.231213373728746452e-01
3.283567134270000132e+00 1.245940147248670027e-01
3.290581162320000086e+00 1.274305790800924765e-01
3.318637274549999905e+00 1.247667557215038081e-01
3.332665330659999814e+00 1.201465054985073055e-01
3.353707414830000122e+00 1.246417655747103503e-01
3.360721442890000077e+00 1.300395488180475789e-01
3.367735470940000031e+00 1.345951039766140056e-01
3.381763527049999940e+00 1.283830167463803629e-01
3.395791583169999850e+00 1.289213315072161026e-01
3.402805611219999804e+00 1.356162546212741071e-01
3.409819639280000203e+00 1.346855290156585838e-01
3.416833667330000157e+00 1.298249695915432989e-01
3.423847695390000112e+00 1.271692323199430374e-01
3.423847695390000112e+00 1.271692323199430374e-01
3.437875751500000021e+00 1.249521580739184901e-01
3.458917835669999885e+00 1.292058738168590792e-01
3.465931863729999840e+00 1.299014385861715082e-01
3.479959919840000193e+00 1.420992871403417290e-01
3.522044088179999921e+00 1.338689574485059652e-01
3.529058116229999875e+00 1.390593057866527371e-01
3.536072144289999830e+00 1.364572190081726477e-01
3.550100200400000183e+00 1.275662891805584842e-01
3.550100200400000183e+00 1.275662891805584842e-01
3.564128256510000092e+00 1.449183203592185609e-01
3.571142284570000047e+00 1.466457677520837943e-01
3.578156312630000002e+00 1.480411240459015287e-01
3.592184368739999911e+00 1.504825331017652090e-01
3.620240480960000173e+00 1.453912504761758206e-01
3.627254509020000128e+00 1.437081212223418891e-01
3.634268537070000082e+00 1.392768089151119049e-01
3.634268537070000082e+00 1.392768089151119049e-01
3.641282565130000037e+00 1.470611974563653390e-01
3.641282565130000037e+00 1.470611974563653390e-01
3.648296593189999992e+00 1.677328396986603465e-01
3.655310621239999946e+00 1.511013632382484928e-01
3.697394789580000118e+00 1.539224687558143345e-01
3.711422845690000027e+00 1.485052115789602112e-01
3.711422845690000027e+00 1.485052115789602112e-01
3.718436873749999982e+00 1.436479704538740354e-01
3.718436873749999982e+00 1.436479704538740354e-01
3.725450901799999937e+00 1.454081098080470813e-01
3.732464929859999891e+00 1.518232138231840334e-01
3.774549098200000063e+00 1.527062466649542760e-01
3.781563126250000018e+00 1.584167960508442441e-01
3.795591182359999927e+00 1.596261356185736391e-01
3.809619238479999836e+00 1.609811058297468400e-01
3.830661322650000145e+00 1.992385746735055030e-01
3.830661322650000145e+00 1.992385746735055030e-01
3.830661322650000145e+00 1.992385746735055030e-01
3.844689378760000054e+00 2.307982673104550519e-01
3.844689378760000054e+00 2.307982673104550519e-01
3.886773547089999781e+00 1.973009670574611685e-01
3.935871743489999908e+00 1.963344260194863355e-01
3.935871743489999908e+00 1.963344260194863355e-01
3.956913827660000216e+00 1.865972756360969875e-01
3.956913827660000216e+00 1.865972756360969875e-01
3.970941883770000125e+00 1.840177574217044254e-01
3.970941883770000125e+00 1.840177574217044254e-01
3.984969939880000034e+00 1.815946861852722749e-01
3.984969939880000034e+00 1.815946861852722749e-01
4.027054108219999762e+00 1.822808330652224695e-01
4.048096192380000069e+00 1.788340343339093474e-01
4.069138276550000377e+00 1.816198803041074450e-01
4.076152304609999888e+00 1.907384688987771026e-01
4.090180360719999797e+00 1.801254631940653050e-01
4.097194388780000196e+00 1.797496795249358126e-01
4.097194388780000196e+00 1.797496795249358126e-01
4.097194388780000196e+00 1.797496795249358126e-01
4.132264529060000413e+00 2.322808704862391604e-01
4.139278557109999923e+00 1.981545248818333549e-01
4.160320641280000231e+00 2.053475006792800650e-01
4.174348697390000140e+00 2.043892064540281384e-01
4.202404809619999959e+00 9.940390164652232463e-02
4.209418837680000358e+00 9.536824757827196131e-02
4.244488977959999687e+00 9.972131192472293015e-02
4.251503006010000085e+00 9.961869781783184996e-02
4.258517034069999596e+00 9.291833156018827755e-02
4.272545090180000393e+00 9.432856342508369463e-02
4.293587174349999813e+00 8.955828636464510661e-02
4.293587174349999813e+00 8.955828636464510661e-02
4.349699398800000338e+00 1.679493711801131051e-01
4.377755511020000156e+00 1.760349993981820960e-01
4.377755511020000156e+00 1.760349993981820960e-01
4.391783567130000066e+00 1.759909328428022612e-01
4.419839679359999884e+00 1.710018511325284429e-01
4.419839679359999884e+00 1.710018511325284429e-01
4.426853707410000283e+00 1.776879371665746610e-01
4.447895791579999702e+00 1.712764010849244789e-01
4.454909819640000102e+00 1.671328608961614448e-01
4.454909819640000102e+00 1.671328608961614448e-01
4.461923847699999612e+00 1.598996933360626593e-01
4.461923847699999612e+00 1.598996933360626593e-01
4.475951903810000410e+00 1.550299176819351921e-01
4.482965931859999920e+00 1.292415359122669472e-01
4.504008016030000228e+00 1.297255438197442989e-01
4.518036072140000137e+00 1.321938711300030544e-01
4.518036072140000137e+00 1.321938711300030544e-01
4.560120240479999865e+00 1.353072926212012250e-01
4.560120240479999865e+00 1.353072926212012250e-01
4.567134268540000264e+00 1.323446902997737207e-01
4.609218436869999991e+00 1.347305481680014516e-01
4.665330661319999628e+00 1.413169304559718509e-01
4.714428857719999755e+00 1.528783656615158582e-01
4.714428857719999755e+00 1.528783656615158582e-01
4.721442885770000153e+00 1.498847042251526818e-01
4.721442885770000153e+00 1.498847042251526818e-01
4.735470941880000062e+00 1.551489322767134471e-01
4.749498997999999972e+00 1.428140263538140997e-01
4.756513026050000370e+00 1.477838718004553242e-01
4.763527054109999881e+00 1.498601019892525643e-01
4.763527054109999881e+00 1.498601019892525643e-01
4.770541082160000279e+00 1.378088329737347795e-01
4.812625250500000007e+00 1.527991381765316514e-01
4.819639278560000406e+00 1.511754852251226133e-01
4.854709418839999735e+00 1.361112833079083928e-01
4.854709418839999735e+00 1.361112833079083928e-01
4.882765531060000441e+00 1.481322695666700551e-01
4.896793587170000350e+00 1.488731828661787604e-01
4.973947895790000295e+00 1.601077382567758223e-01
4.987975951900000204e+00 1.860940290213620729e-01
4.987975951900000204e+00 1.860940290213620729e-01
4.994989979959999715e+00 1.742120300076037687e-01
5.002004008020000114e+00 1.707389458794311421e-01
5.023046092180000421e+00 1.564591627011753527e-01
5.058116232459999750e+00 1.770533234996432004e-01
5.072144288579999660e+00 1.551656763994788690e-01
5.100200400800000367e+00 1.528339531381696370e-01
5.100200400800000367e+00 1.528339531381696370e-01
5.107214428859999877e+00 1.567868157044071398e-01
5.121242484969999786e+00 1.570026935891953301e-01
5.121242484969999786e+00 1.570026935891953301e-01
5.142284569140000094e+00 1.988214122664893890e-01
5.142284569140000094e+00 1.988214122664893890e-01
5.149298597189999604e+00 2.054925708240958049e-01
5.149298597189999604e+00 2.054925708240958049e-01
5.156312625250000004e+00 1.816141540343587379e-01
5.163326653310000403e+00 1.589722615836387243e-01
5.163326653310000403e+00 1.589722615836387243e-01
5.170340681359999913e+00 1.458861123549718974e-01
5.170340681359999913e+00 1.458861123549718974e-01
5.170340681359999913e+00 1.458861123549718974e-01
5.177354709420000312e+00 1.424547213231243392e-01
5.184368737469999822e+00 1.678233949793824509e-01
5.219438877760000040e+00 1.531839549432093550e-01
5.226452905810000438e+00 1.697552008182391658e-01
5.233466933869999949e+00 1.609603474866483919e-01
5.233466933869999949e+00 1.609603474866483919e-01
5.254509018040000257e+00 9.353411035125133721e-02
5.261523046089999767e+00 1.073804013264674090e-01
5.268537074150000166e+00 1.358016595880831012e-01
5.282565130260000075e+00 1.151608713554986840e-01
5.296593186369999984e+00 1.275022006284072529e-01
5.331663326650000201e+00 1.751263210358255384e-01
5.345691382770000111e+00 2.292251438539989195e-01
5.387775551099999838e+00 1.769104270279723001e-01
5.429859719439999566e+00 2.031160636642962702e-01
5.429859719439999566e+00 2.031160636642962702e-01
5.471943887780000182e+00 2.107528769181706008e-01
5.478957915829999692e+00 2.151434562088684332e-01
5.500000000000000000e+00 1.807797730561369887e-01
