2.021042084169999864e+00 6.218791446700644876e+00
2.021042084169999864e+00 6.218791446700644876e+00
2.035070140280000217e+00 6.467584469476472364e+00
2.035070140280000217e+00 6.467584469476472364e+00
2.042084168340000172e+00 6.131151800979889543e+00
2.049098196390000126e+00 5.996021928855130412e+00
2.056112224450000081e+00 6.108180917309172564e+00
2.077154308619999945e+00 5.899592871047556031e+00
2.091182364729999854e+00 6.069905225817868732e+00
2.105210420840000207e+00 6.030454536916227681e+00
2.119238476950000116e+00 5.863982717900186437e+00
2.133266533070000026e+00 5.679991993295966601e+00
2.140280561119999980e+00 5.456397675106280154e+00
2.140280561119999980e+00 5.456397675106280154e+00
2.168336673349999799e+00 4.958881819554541437e+00
2.168336673349999799e+00 4.958881819554541437e+00
2.175350701400000197e+00 4.892724138530142319e+00
2.182364729460000152e+00 4.778535306747280664e+00
2.182364729460000152e+00 4.778535306747280664e+00
2.189378757520000107e+00 4.661269270932196562e+00
2.203406813630000016e+00 4.613488254062858118e+00
2.231462925849999834e+00 4.479656546788035598e+00
2.238476953909999789e+00 4.387447201229485394e+00
2.238476953909999789e+00 4.387447201229485394e+00
2.245490981960000187e+00 4.227397342790191637e+00
2.259519038080000097e+00 4.213439141677598698e+00
2.266533066130000051e+00 4.286335819384905044e+00
2.273547094190000006e+00 4.254747522664598769e+00
2.273547094190000006e+00 4.254747522664598769e+00
2.287575150299999915e+00 4.148797824658700506e+00
2.287575150299999915e+00 4.148797824658700506e+00
2.322645290580000133e+00 5.547259670306500468e+00
2.322645290580000133e+00 5.547259670306500468e+00
2.336673346690000042e+00 5.578925521196232751e+00
2.336673346690000042e+00 5.578925521196232751e+00
2.343687374749999996e+00 5.583342424235100410e+00
2.357715430859999906e+00 5.560996017528074375e+00
2.357715430859999906e+00 5.560996017528074375e+00
2.378757515030000214e+00 5.474683087593696484e+00
2.378757515030000214e+00 5.474683087593696484e+00
2.399799599200000078e+00 5.426437131124870916e+00
2.413827655309999987e+00 5.547928015682729530e+00
2.420841683369999942e+00 5.466456519159986982e+00
2.455911823650000159e+00 5.390728110856477073e+00
2.455911823650000159e+00 5.390728110856477073e+00
2.469939879760000068e+00 5.260108084576287091e+00
2.505010020039999841e+00 5.310851227897297910e+00
2.519038076150000194e+00 5.363734054882970170e+00
2.526052104210000149e+00 5.311343213256552787e+00
2.526052104210000149e+00 5.311343213256552787e+00
2.554108216429999967e+00 5.262087289500429144e+00
2.554108216429999967e+00 5.262087289500429144e+00
2.561122244489999922e+00 5.263325048272251117e+00
2.568136272549999877e+00 5.266693375573298752e+00
2.582164328659999786e+00 5.267308046389253207e+00
2.589178356710000184e+00 5.280416142614265951e+00
2.596192384770000139e+00 5.233088144059932389e+00
2.596192384770000139e+00 5.233088144059932389e+00
2.610220440880000048e+00 5.217946520253721410e+00
2.610220440880000048e+00 5.217946520253721410e+00
2.617234468940000003e+00 5.173835261085472759e+00
2.638276553109999867e+00 5.222460203301040771e+00
2.659318637270000174e+00 5.163353724955099366e+00
2.659318637270000174e+00 5.163353724955099366e+00
2.659318637270000174e+00 5.163353724955099366e+00
2.666332665330000129e+00 5.059746486745811289e+00
2.680360721440000038e+00 5.100848218456671468e+00
2.680360721440000038e+00 5.100848218456671468e+00
2.694388777559999948e+00 4.938069684905812551e+00
2.715430861719999811e+00 4.744721605702227230e+00
2.722444889780000210e+00 4.726554813193931004e+00
2.722444889780000210e+00 4.726554813193931004e+00
2.729458917840000165e+00 4.705285421268389001e+00
2.736472945890000119e+00 4.707447300292861847e+00
2.764529058119999938e+00 4.636247984342317885e+00
2.771543086169999892e+00 4.598110029735560822e+00
2.813627254510000064e+00 4.489678649455061787e+00
2.848697394789999837e+00 4.310678852045187526e+00
2.876753507010000099e+00 4.381477867800073867e+00
2.925851703409999782e+00 4.140233645731401069e+00
2.932865731460000180e+00 4.127031259086966664e+00
2.953907815630000044e+00 4.211312048416410825e+00
2.974949899799999908e+00 4.191178779126332188e+00
2.988977955909999817e+00 4.166774056099464829e+00
3.031062124249999989e+00 4.116980478201629268e+00
3.052104208419999853e+00 4.099324342395188836e+00
3.087174348700000071e+00 3.891608331923761543e+00
3.087174348700000071e+00 3.891608331923761543e+00
3.094188376750000025e+00 3.988854897854903214e+00
3.094188376750000025e+00 3.988854897854903214e+00
3.101202404809999980e+00 3.866312906894527668e+00
3.108216432869999934e+00 3.853828383879747133e+00
3.136272545090000197e+00 3.610116490594124539e+00
3.143286573150000152e+00 3.535157037778943856e+00
3.164328657310000015e+00 3.540765733284556127e+00
3.164328657310000015e+00 3.540765733284556127e+00
3.171342685369999970e+00 3.598928501446842176e+00
3.178356713429999925e+00 3.608977181423902891e+00
3.206412825650000187e+00 3.498028060637480063e+00
3.220440881760000096e+00 3.412065670046658727e+00
3.220440881760000096e+00 3.412065670046658727e+00
3.241482965929999960e+00 3.455359133635373947e+00
3.255511022039999869e+00 3.354144814624440141e+00
3.269539078159999779e+00 3.481827245655961356e+00
3.269539078159999779e+00 3.481827245655961356e+00
3.283567134270000132e+00 3.505185219601271385e+00
3.290581162320000086e+00 3.460919985753286188e+00
3.304609218439999996e+00 3.394224654726319290e+00
3.304609218439999996e+00 3.394224654726319290e+00
3.304609218439999996e+00 3.394224654726319290e+00
3.304609218439999996e+00 3.394224654726319290e+00
3.311623246489999950e+00 3.362406717461623007e+00
3.311623246489999950e+00 3.362406717461623007e+00
3.325651302609999860e+00 3.350435957955769428e+00
3.339679358720000213e+00 3.442876585737049577e+00
3.381763527049999940e+00 3.244764525090292118e+00
3.395791583169999850e+00 3.250178410041225874e+00
3.402805611219999804e+00 3.268931949280046378e+00
3.458917835669999885e+00 3.248280626134990801e+00
3.465931863729999840e+00 3.261618443459112893e+00
3.493987975950000102e+00 4.571282172095405549e+00
3.493987975950000102e+00 4.571282172095405549e+00
3.536072144289999830e+00 4.450196069934633236e+00
3.564128256510000092e+00 4.333995409338078808e+00
3.571142284570000047e+00 4.411124861125978569e+00
3.578156312630000002e+00 4.360201930193732700e+00
3.599198396789999865e+00 4.301653441352272900e+00
3.606212424849999820e+00 4.386918480310452395e+00
3.620240480960000173e+00 4.392022785186041389e+00
3.634268537070000082e+00 4.346502470710546184e+00
3.662324649299999901e+00 4.379330931478847333e+00
3.676352705409999810e+00 4.530693952408119785e+00
3.690380761520000164e+00 4.595852579587361930e+00
3.690380761520000164e+00 4.595852579587361930e+00
3.697394789580000118e+00 4.566523960932342696e+00
3.718436873749999982e+00 4.569783690983562074e+00
3.753507014030000200e+00 4.323501799496209053e+00
3.767535070140000109e+00 4.248770557481778454e+00
3.767535070140000109e+00 4.248770557481778454e+00
3.830661322650000145e+00 4.132737909143239463e+00
3.837675350700000099e+00 4.133187551385813840e+00
3.872745490979999872e+00 3.824780790428135457e+00
3.879759519039999827e+00 4.012443188157975626e+00
3.886773547089999781e+00 4.019317944111088003e+00
3.907815631260000089e+00 4.052787479924086611e+00
3.907815631260000089e+00 4.052787479924086611e+00
3.921843687369999998e+00 3.807931437076937264e+00
3.928857715429999953e+00 3.967260863309209462e+00
3.942885771539999862e+00 3.866591595463854780e+00
3.998997995989999943e+00 4.162204967144372603e+00
4.006012024050000342e+00 3.883523146864409803e+00
4.013026052099999852e+00 3.803499844066157376e+00
4.013026052099999852e+00 3.803499844066157376e+00
4.062124248499999979e+00 3.981507464064757418e+00
4.069138276550000377e+00 3.945548835983054392e+00
4.090180360719999797e+00 3.825967390792712752e+00
4.097194388780000196e+00 3.833304801128830874e+00
4.104208416829999706e+00 3.765813283868963079e+00
4.104208416829999706e+00 3.765813283868963079e+00
4.104208416829999706e+00 3.765813283868963079e+00
4.153306613229999833e+00 3.780385135865906854e+00
4.153306613229999833e+00 3.780385135865906854e+00
4.174348697390000140e+00 4.015582245056487309e+00
4.181362725449999651e+00 3.903925841480835324e+00
4.188376753510000050e+00 3.966867055239592599e+00
4.237474949900000176e+00 3.739822790077213188e+00
4.237474949900000176e+00 3.739822790077213188e+00
4.251503006010000085e+00 3.849527901766663707e+00
4.251503006010000085e+00 3.849527901766663707e+00
4.258517034069999596e+00 3.803122309058585060e+00
4.272545090180000393e+00 3.653534192757446508e+00
4.279559118239999904e+00 3.605465473117651864e+00
4.279559118239999904e+00 3.605465473117651864e+00
4.286573146290000302e+00 3.624380962850334509e+00
4.293587174349999813e+00 3.617601120821631433e+00
4.370741482969999758e+00 3.659466006604685351e+00
4.384769539079999667e+00 3.620254305794044392e+00
4.398797595189999576e+00 3.536378579858094451e+00
4.419839679359999884e+00 3.620386812960842526e+00
4.447895791579999702e+00 3.668372516791879701e+00
4.468937875750000011e+00 3.522813646384513220e+00
4.475951903810000410e+00 3.523959107270574265e+00
4.504008016030000228e+00 3.439550581484140945e+00
4.504008016030000228e+00 3.439550581484140945e+00
4.511022044089999739e+00 3.376005960623904123e+00
4.539078156309999557e+00 3.198933884940933670e+00
4.553106212420000354e+00 3.268182467957476689e+00
4.553106212420000354e+00 3.268182467957476689e+00
4.560120240479999865e+00 3.295973612384615503e+00
4.567134268540000264e+00 3.386198511550854384e+00
4.581162324650000173e+00 3.415876924649767332e+00
4.595190380760000082e+00 3.379820059786116548e+00
4.602204408819999593e+00 3.394729843774247691e+00
4.623246492989999901e+00 3.168948385977987225e+00
4.644288577150000208e+00 4.327871128709132265e+00
4.651302605209999719e+00 4.425735271308536056e+00
4.651302605209999719e+00 4.425735271308536056e+00
4.672344689380000027e+00 4.527304619092907600e+00
4.672344689380000027e+00 4.527304619092907600e+00
4.679358717430000425e+00 4.621976041456045792e+00
4.686372745489999936e+00 4.502395734558168883e+00
4.700400801599999845e+00 4.341401165535597961e+00
4.700400801599999845e+00 4.341401165535597961e+00
4.707414829660000244e+00 4.251499710926895048e+00
4.707414829660000244e+00 4.251499710926895048e+00
4.721442885770000153e+00 4.282946027840313974e+00
4.742484969939999573e+00 4.459851051164034352e+00
4.777555110219999790e+00 4.509638139841912974e+00
4.791583166329999699e+00 4.834777184048091314e+00
4.798597194390000098e+00 4.677751838854964817e+00
4.812625250500000007e+00 4.632860740194701066e+00
4.812625250500000007e+00 4.632860740194701066e+00
4.826653306609999916e+00 4.636650582551800959e+00
4.826653306609999916e+00 4.636650582551800959e+00
4.826653306609999916e+00 4.636650582551800959e+00
4.840681362729999826e+00 4.320790180694624283e+00
4.840681362729999826e+00 4.320790180694624283e+00
4.840681362729999826e+00 4.320790180694624283e+00
4.875751503010000043e+00 4.422526086826246150e+00
4.875751503010000043e+00 4.422526086826246150e+00
4.889779559119999952e+00 4.434008765190867507e+00
4.889779559119999952e+00 4.434008765190867507e+00
4.896793587170000350e+00 4.513252877131897378e+00
4.910821643290000260e+00 4.635933483992254800e+00
4.910821643290000260e+00 4.635933483992254800e+00
4.931863727449999679e+00 4.772289928299095152e+00
4.938877755510000078e+00 4.696989240184681336e+00
4.966933867739999897e+00 4.669657206379011605e+00
4.966933867739999897e+00 4.669657206379011605e+00
4.973947895790000295e+00 4.687162267816632699e+00
4.987975951900000204e+00 4.778249466785330135e+00
4.987975951900000204e+00 4.778249466785330135e+00
4.994989979959999715e+00 4.717646006291883687e+00
5.002004008020000114e+00 4.823295948368061303e+00
5.009018036069999624e+00 5.001657067320522287e+00
5.051102204410000240e+00 4.949680105212460823e+00
5.058116232459999750e+00 4.978655168745976134e+00
5.107214428859999877e+00 5.088867032826642323e+00
5.107214428859999877e+00 5.088867032826642323e+00
5.114228456910000276e+00 4.943521402525696828e+00
5.121242484969999786e+00 4.803879586096958754e+00
5.170340681359999913e+00 4.535113734703325683e+00
5.177354709420000312e+00 4.302514294615535917e+00
5.184368737469999822e+00 4.445935145378761888e+00
5.191382765530000221e+00 4.665949395996404014e+00
5.198396793589999731e+00 4.613545015961768136e+00
5.205410821640000130e+00 4.554456843060474824e+00
5.226452905810000438e+00 4.704709800211264614e+00
5.289579158319999586e+00 4.375255987463288143e+00
5.289579158319999586e+00 4.375255987463288143e+00
5.303607214430000383e+00 4.424693909396771652e+00
5.317635270540000292e+00 4.330402427097970630e+00
5.324649298599999803e+00 4.373730053520946903e+00
5.324649298599999803e+00 4.373730053520946903e+00
5.338677354709999712e+00 4.738444652411164526e+00
5.352705410819999621e+00 4.802483750365102111e+00
5.380761523050000328e+00 4.955086297580642452e+00
5.394789579160000237e+00 4.623341897830657743e+00
5.401803607209999747e+00 4.609551405295214010e+00
5.401803607209999747e+00 4.609551405295214010e+00
5.422845691380000055e+00 4.399610993331812381e+00
5.429859719439999566e+00 4.507852930034565553e+00
5.436873747489999964e+00 4.609482265541303470e+00
5.464929859719999783e+00 4.765319766840152127e+00
5.471943887780000182e+00 5.059007458206237651e+00
5.471943887780000182e+00 5.059007458206237651e+00
5.471943887780000182e+00 5.059007458206237651e+00
